datetime,game_length,game_result,num_passes,is_resign_disabled,is_marked_for_resign,is_could_won,marked_resign_player,resign_threshold,time_per_game,training_steps
2023-05-24 04:32:25,80,B+R,0,False,False,False,W,-0.85,32.5719,0
2023-05-24 04:33:04,99,B+1.5,3,True,False,False,,-1,35.6468,0
2023-05-24 04:33:58,132,W+68.5,3,True,False,False,,-1,41.9652,0
2023-05-24 04:34:47,127,B+22.5,4,True,False,False,,-1,43.6496,0
2023-05-24 04:35:21,116,B+6.5,9,True,False,False,,-1,41.6758,0
2023-05-24 04:36:07,118,B+12.5,6,True,False,False,,-1,42.4785,0
2023-05-24 04:36:30,65,B+3.5,2,True,False,False,,-1,39.6324,0
2023-05-24 04:37:19,133,W+35.5,3,True,False,False,,-1,40.8641,0
2023-05-24 04:38:09,123,B+42.5,10,True,False,False,,-1,41.8171,0
2023-05-24 04:39:08,155,W+50.5,6,True,False,False,,-1,43.5825,0
2023-05-24 04:39:49,111,B+12.5,2,True,False,False,,-1,43.2679,0
2023-05-24 04:40:39,131,W+35.5,3,True,False,False,,-1,43.8472,0
2023-05-24 04:41:17,104,B+0.5,4,True,False,False,,-1,43.451,0
2023-05-24 04:41:58,121,B+9.5,3,True,False,False,,-1,43.2313,0
2023-05-24 04:42:54,144,B+41.5,4,True,False,False,,-1,44.1235,0
2023-05-24 04:43:51,158,W+66.5,5,True,False,False,,-1,44.8869,0
2023-05-24 04:44:37,120,W+51.5,2,True,False,False,,-1,44.9619,0
2023-05-24 04:45:14,101,B+3.5,3,True,False,False,,-1,44.5049,0
2023-05-24 04:45:52,99,B+10.5,2,True,False,False,,-1,44.1534,0
2023-05-24 04:46:48,123,B+45.5,3,True,False,False,,-1,44.7949,0
2023-05-24 04:47:52,162,W+54.5,6,True,False,False,,-1,45.6989,0
2023-05-24 04:48:47,131,B+17.5,3,True,False,False,,-1,46.1026,0
2023-05-24 04:49:42,144,B+37.5,5,True,False,False,,-1,46.4984,0
2023-05-24 04:50:25,110,B+7.5,6,True,False,False,,-1,46.3658,0
2023-05-24 04:51:22,128,W+56.5,3,True,False,False,,-1,46.7667,0
2023-05-24 04:52:17,151,B+50.5,6,True,False,False,,-1,47.1081,0
2023-05-24 04:52:48,86,W+10.5,3,True,False,False,,-1,46.5052,0
2023-05-24 04:53:44,131,B+38.5,7,True,False,False,,-1,46.8194,0
2023-05-24 04:54:45,162,B+51.5,5,True,False,False,,-1,47.3129,0
2023-05-24 04:55:41,125,W+7.5,7,True,False,False,,-1,47.5999,0
2023-05-24 04:56:53,162,B+14.5,6,True,False,False,,-1,48.4128,0
2023-05-24 04:57:47,132,W+53.5,2,True,False,False,,-1,48.563,0
2023-05-24 04:58:27,112,W+24.5,4,True,False,False,,-1,48.3262,0
2023-05-24 04:59:00,89,W+9.5,3,True,False,False,,-1,47.8644,0
2023-05-24 04:59:37,97,B+0.5,4,True,False,False,,-1,47.543,0
2023-05-24 05:00:22,116,W+16.5,5,True,False,False,,-1,47.4775,0
2023-05-24 05:01:06,97,W+7.5,5,True,False,False,,-1,47.3949,0
2023-05-24 05:01:58,122,W+28.5,5,True,False,False,,-1,47.514,0
2023-05-24 05:03:03,147,W+59.5,6,True,False,False,,-1,47.9678,0
2023-05-24 05:04:10,162,W+37.5,4,True,False,False,,-1,48.4255,0
2023-05-24 05:05:04,125,B+26.5,3,True,False,False,,-1,48.5803,0
2023-05-24 05:06:09,162,W+43.5,5,True,False,False,,-1,48.9522,0
2023-05-24 05:07:13,162,B+23.5,12,True,False,False,,-1,49.3069,0
2023-05-24 05:07:58,111,W+29.5,3,True,False,False,,-1,49.2177,0
2023-05-24 05:08:48,125,B+37.5,4,True,False,False,,-1,49.2244,0
2023-05-24 05:09:43,147,W+56.5,6,True,False,False,,-1,49.3498,0
2023-05-24 05:10:33,120,B+38.5,3,True,False,False,,-1,49.3756,0
2023-05-24 05:11:08,101,W+0.5,4,True,False,False,,-1,49.0603,0
2023-05-24 05:11:43,109,B+21.5,8,True,False,False,,-1,48.7856,0
2023-05-24 05:12:50,162,W+56.5,6,True,False,False,,-1,49.1445,0
2023-05-24 05:13:08,64,W+3.5,2,True,False,False,,-1,48.5341,0
2023-05-24 05:13:51,125,B+2.5,5,True,False,False,,-1,48.4264,0
2023-05-24 05:14:36,127,W+44.5,4,True,False,False,,-1,48.3679,0
2023-05-24 05:15:28,162,B+50.5,6,True,False,False,,-1,48.4309,0
2023-05-24 05:16:24,153,B+42.5,3,True,False,False,,-1,48.5726,0
2023-05-24 05:17:14,122,W+48.5,4,True,False,False,,-1,48.6034,0
2023-05-24 05:18:04,121,B+32.5,3,True,False,False,,-1,48.6157,0
2023-05-24 05:19:09,148,W+59.5,6,True,False,False,,-1,48.9013,0
2023-05-24 05:19:55,123,W+51.5,5,True,False,False,,-1,48.853,0
2023-05-24 05:20:32,100,W+23.5,2,True,False,False,,-1,48.653,0
2023-05-24 05:21:14,112,B+9.5,3,True,False,False,,-1,48.5386,0
2023-05-24 05:21:52,102,B+0.5,3,True,False,False,,-1,48.3822,0
2023-05-24 05:22:40,114,W+27.5,3,True,False,False,,-1,48.3758,0
2023-05-24 05:23:43,152,W+47.5,4,True,False,False,,-1,48.6024,0
2023-05-24 05:24:51,162,W+55.5,7,True,False,False,,-1,48.8965,0
2023-05-24 05:25:35,110,B+2.5,3,True,False,False,,-1,48.818,0
2023-05-24 05:26:37,152,B+37.5,10,True,False,False,,-1,49.0241,0
2023-05-24 05:27:32,129,B+43.5,3,True,False,False,,-1,49.1027,0
2023-05-24 05:28:09,114,B+11.5,4,True,False,False,,-1,48.938,0
2023-05-24 05:29:16,162,W+47.5,3,True,False,False,,-1,49.1894,0
2023-05-24 05:29:57,105,W+7.5,5,True,False,False,,-1,49.0673,0
2023-05-24 05:30:44,127,B+41.5,4,True,False,False,,-1,49.0509,0
2023-05-24 05:31:35,117,W+17.5,3,True,False,False,,-1,49.0749,0
2023-05-24 05:32:46,162,B+29.5,4,True,False,False,,-1,49.3736,0
2023-05-24 05:33:46,139,B+53.5,2,True,False,False,,-1,49.515,0
2023-05-24 05:34:23,94,B+14.5,3,True,False,False,,-1,49.3514,0
2023-05-24 05:35:10,118,W+18.5,6,True,False,False,,-1,49.3091,0
2023-05-24 05:36:16,154,B+39.5,6,True,False,False,,-1,49.5337,0
2023-05-24 05:36:50,102,B+6.5,4,True,False,False,,-1,49.3358,0
2023-05-24 05:37:52,154,B+27.5,6,True,False,False,,-1,49.4959,0
2023-05-24 05:38:54,162,B+53.5,8,True,False,False,,-1,49.6415,0
2023-05-24 05:39:41,126,B+28.5,2,True,False,False,,-1,49.6083,0
2023-05-24 05:40:22,106,W+20.5,2,True,False,False,,-1,49.5075,0
2023-05-24 05:40:54,108,W+5.5,3,True,False,False,,-1,49.2974,0
2023-05-24 05:41:23,127,B+3.5,4,True,False,False,,-1,49.0647,0
2023-05-24 05:42:18,144,W+51.5,3,True,False,False,,-1,49.1337,0
2023-05-24 05:42:55,134,W+35.5,3,True,False,False,,-1,48.9879,0
2023-05-24 05:43:33,107,W+29.5,3,True,False,False,,-1,48.8703,0
2023-05-24 05:44:30,142,W+51.5,4,True,False,False,,-1,48.9556,0
2023-05-24 05:45:05,99,B+0.5,4,True,False,False,,-1,48.8078,0
2023-05-24 05:45:49,121,B+20.5,5,True,False,False,,-1,48.7449,0
2023-05-24 05:46:29,97,B+11.5,2,True,False,False,,-1,48.6534,0
2023-05-24 05:47:26,125,W+44.5,3,True,False,False,,-1,48.7411,0
2023-05-24 05:48:09,102,W+8.5,2,True,False,False,,-1,48.6857,0
2023-05-24 05:49:04,142,B+37.5,4,True,False,False,,-1,48.7546,0
2023-05-24 05:49:42,104,W+28.5,7,True,False,False,,-1,48.6368,0
2023-05-24 05:50:18,96,W+27.5,4,True,False,False,,-1,48.5043,0
2023-05-24 05:51:18,162,W+28.5,5,True,False,False,,-1,48.6258,0
2023-05-24 05:51:54,94,B+4.5,2,True,False,False,,-1,48.4947,0
2023-05-24 05:52:50,151,B+46.5,12,True,False,False,,-1,48.5761,0
2023-05-24 05:53:50,155,W+59.5,8,True,False,False,,-1,48.8489,0
2023-05-24 05:54:35,116,W+37.5,2,True,False,False,,-1,48.9048,0
2023-05-24 05:55:05,103,W+22.5,4,True,False,False,,-1,48.6578,0
2023-05-24 05:55:46,115,W+35.5,3,True,False,False,,-1,48.5838,0
2023-05-24 05:56:43,161,B+25.5,8,True,False,False,,-1,48.8212,0
2023-05-24 05:57:20,107,W+6.5,8,True,False,False,,-1,48.7191,0
2023-05-24 05:58:13,133,B+48.5,3,True,False,False,,-1,49.0311,0
2023-05-24 05:59:01,132,B+33.5,4,True,False,False,,-1,49.0101,0
2023-05-24 05:59:34,85,B+2.5,4,True,False,False,,-1,48.8453,0
2023-05-24 06:00:09,98,W+8.5,3,True,False,False,,-1,48.6,0
2023-05-24 06:01:02,136,B+29.5,3,True,False,False,,-1,48.7288,0
2023-05-24 06:01:50,114,B+5.5,5,True,False,False,,-1,48.7116,0
2023-05-24 06:02:27,98,B+0.5,3,True,False,False,,-1,48.6946,0
2023-05-24 06:03:14,110,B+23.5,5,True,False,False,,-1,48.7559,0
2023-05-24 06:04:09,134,B+42.5,6,True,False,False,,-1,48.7408,0
2023-05-24 06:05:18,162,B+42.5,6,True,False,False,,-1,48.8709,0
2023-05-24 06:06:07,122,W+27.5,6,True,False,False,,-1,48.8932,0
2023-05-24 06:06:53,109,B+8.5,4,True,False,False,,-1,48.9938,0
2023-05-24 06:07:30,95,W+13.5,4,True,False,False,,-1,48.9787,0
2023-05-24 06:08:37,162,W+34.5,7,True,False,False,,-1,49.0778,0
2023-05-24 06:09:13,101,B+8.5,4,True,False,False,,-1,48.8003,0
2023-05-24 06:09:50,117,B+0.5,10,True,False,False,,-1,48.6254,0
2023-05-24 06:10:46,134,W+54.5,3,True,False,False,,-1,48.6331,0
2023-05-24 06:11:24,103,W+26.5,4,True,False,False,,-1,48.5823,0
2023-05-24 06:12:09,113,W+26.5,4,True,False,False,,-1,48.4664,0
2023-05-24 06:13:01,162,W+58.5,0,True,False,False,,-1,48.4359,0
2023-05-24 06:14:03,153,W+50.5,7,True,False,False,,-1,48.7477,0
2023-05-24 06:14:41,95,W+9.5,2,True,False,False,,-1,48.57,0
2023-05-24 06:15:19,114,B+20.5,5,True,False,False,,-1,48.3425,0
2023-05-24 06:16:26,158,B+37.5,5,True,False,False,,-1,48.4557,0
2023-05-24 06:16:54,78,W+19.5,4,True,False,False,,-1,48.0067,0
2023-05-24 06:17:39,137,B+39.5,6,True,False,False,,-1,47.9234,0
2023-05-24 06:18:44,162,W+66.5,5,True,False,False,,-1,48.1664,0
2023-05-24 06:19:50,157,W+71.5,8,True,False,False,,-1,48.4975,0
2023-05-24 06:20:50,150,B+28.5,6,True,False,False,,-1,48.7319,0
2023-05-24 06:21:47,136,W+51.5,7,True,False,False,,-1,48.8486,0
2023-05-24 06:22:21,92,W+11.5,4,True,False,False,,-1,48.7425,0
2023-05-24 06:23:17,162,B+57.5,5,True,False,False,,-1,48.7825,0
2023-05-24 06:23:51,101,B+5.5,3,True,False,False,,-1,48.4701,0
2023-05-24 06:24:37,136,W+63.5,9,True,False,False,,-1,48.2699,0
2023-05-24 06:25:36,153,B+70.5,12,True,False,False,,-1,48.3108,0
2023-05-24 06:26:14,98,W+21.5,2,True,False,False,,-1,48.0557,0
2023-05-24 06:26:43,72,W+11.5,2,True,False,False,,-1,47.7028,0
2023-05-24 06:27:24,116,B+5.5,3,True,False,False,,-1,47.6512,0
2023-05-24 06:28:33,162,W+66.5,6,True,False,False,,-1,47.8502,0
2023-05-24 06:29:26,121,B+39.5,3,True,False,False,,-1,47.826,0
2023-05-24 06:30:06,104,B+5.5,3,True,False,False,,-1,47.7237,0
2023-05-24 06:30:58,126,W+59.5,3,True,False,False,,-1,47.8992,0
2023-05-24 06:31:47,138,B+38.5,6,True,False,False,,-1,48.0329,0
2023-05-24 06:32:23,105,B+1.5,4,True,False,False,,-1,47.7238,0
2023-05-24 06:33:19,153,W+53.5,6,True,False,False,,-1,48.1099,0
2023-05-24 06:33:54,99,B+10.5,4,True,False,False,,-1,48.024,0
2023-05-24 06:34:25,98,W+11.5,4,True,False,False,,-1,47.8897,0
2023-05-24 06:35:34,162,W+33.5,6,True,False,False,,-1,48.0623,0
2023-05-24 06:36:27,120,B+16.5,2,True,False,False,,-1,48.0257,0
2023-05-24 06:37:33,150,W+53.5,7,True,False,False,,-1,48.1858,0
2023-05-24 06:38:46,162,W+59.5,6,True,False,False,,-1,48.4212,0
2023-05-24 06:39:33,108,W+12.5,2,True,False,False,,-1,48.2356,0
2023-05-24 06:40:17,114,W+26.5,4,True,False,False,,-1,48.2217,0
2023-05-24 06:41:11,140,B+21.5,3,True,False,False,,-1,48.3865,0
2023-05-24 06:42:16,162,B+59.5,3,True,False,False,,-1,48.624,0
2023-05-24 06:42:58,112,W+20.5,4,True,False,False,,-1,48.6524,0
2023-05-24 06:43:50,136,W+32.5,5,True,False,False,,-1,48.6929,0
2023-05-24 06:44:30,101,W+4.5,3,True,False,False,,-1,48.4682,0
2023-05-24 06:45:42,162,W+55.5,1,True,False,False,,-1,48.5065,0
2023-05-24 06:46:22,115,B+18.5,9,True,False,False,,-1,48.4692,0
2023-05-24 06:46:58,97,W+7.5,6,True,False,False,,-1,48.2035,0
2023-05-24 06:47:54,140,B+59.5,6,True,False,False,,-1,48.2209,0
2023-05-24 06:48:49,127,B+43.5,2,True,False,False,,-1,48.3898,0
2023-05-24 06:50:00,162,B+43.5,6,True,False,False,,-1,48.4406,0
2023-05-24 06:52:34,118,B+16.5,11,True,False,False,,-1,48.5131,1000
2023-05-24 06:53:24,106,B+1.5,10,True,False,False,,-1,48.505,1000
2023-05-24 06:54:23,127,W+0.5,17,True,False,False,,-1,48.3882,1000
2023-05-24 06:55:13,111,B+2.5,17,True,False,False,,-1,48.2826,1000
2023-05-24 06:56:37,155,W+0.5,24,True,False,False,,-1,48.7503,1000
2023-05-24 06:57:59,159,W+3.5,31,True,False,False,,-1,49.1149,1000
2023-05-24 06:58:44,109,W+2.5,16,True,False,False,,-1,48.8962,1000
2023-05-24 06:59:37,100,B+8.5,6,True,False,False,,-1,49.0824,1000
2023-05-24 07:00:30,109,W+2.5,10,True,False,False,,-1,48.9894,1000
2023-05-24 07:01:35,135,W+2.5,20,True,False,False,,-1,49.0259,1000
2023-05-24 07:02:30,116,B+1.5,14,True,False,False,,-1,49.1127,1000
2023-05-24 07:03:18,102,B+2.5,12,True,False,False,,-1,49.1776,1000
2023-05-24 07:04:09,118,B+2.5,17,True,False,False,,-1,49.3692,1000
2023-05-24 07:05:03,114,B+3.5,10,True,False,False,,-1,49.6168,1000
2023-05-24 07:06:07,139,W+0.5,31,True,False,False,,-1,49.7002,1000
2023-05-24 07:07:05,125,W+0.5,28,True,False,False,,-1,49.9205,1000
2023-05-24 07:07:57,110,B+0.5,12,True,False,False,,-1,50.0537,1000
2023-05-24 07:09:11,162,B+15.5,32,True,False,False,,-1,50.2273,1000
2023-05-24 07:10:05,115,W+2.5,18,True,False,False,,-1,50.4166,1000
2023-05-24 07:10:58,114,B+0.5,17,True,False,False,,-1,50.5164,1000
2023-05-24 07:11:48,97,B+7.5,9,True,False,False,,-1,50.6096,1000
2023-05-24 07:12:56,139,W+2.5,13,True,False,False,,-1,50.718,1000
2023-05-24 07:13:46,107,W+1.5,14,True,False,False,,-1,50.7846,1000
2023-05-24 07:14:43,117,W+2.5,15,True,False,False,,-1,50.8041,1000
2023-05-24 07:15:54,139,W+1.5,18,True,False,False,,-1,51.1379,1000
2023-05-24 07:16:57,126,B+0.5,14,True,False,False,,-1,51.4103,1000
2023-05-24 07:17:53,111,W+0.5,14,True,False,False,,-1,51.3648,1000
2023-05-24 07:18:48,111,W+3.5,15,True,False,False,,-1,51.559,1000
2023-05-24 07:20:11,160,B+6.5,39,True,False,False,,-1,51.8229,1000
2023-05-24 07:21:24,146,B+2.5,23,True,False,False,,-1,51.9514,1000
2023-05-24 07:22:17,100,B+0.5,10,True,False,False,,-1,52.0462,1000
2023-05-24 07:23:36,151,W+2.5,14,True,False,False,,-1,52.5288,1000
2023-05-24 07:24:19,100,B+2.5,11,True,False,False,,-1,52.5469,1000
2023-05-24 07:25:22,127,W+0.5,23,True,False,False,,-1,52.6008,1000
2023-05-24 07:26:25,117,W+0.5,12,True,False,False,,-1,52.8717,1000
2023-05-24 07:27:18,117,W+2.5,20,True,False,False,,-1,52.8653,1000
2023-05-24 07:28:16,114,B+1.5,14,True,False,False,,-1,52.9677,1000
2023-05-24 07:29:30,153,W+2.5,22,True,False,False,,-1,53.3846,1000
2023-05-24 07:30:35,127,W+0.5,13,True,False,False,,-1,53.6837,1000
2023-05-24 07:31:42,132,B+2.5,16,True,False,False,,-1,53.8209,1000
2023-05-24 07:32:40,111,W+2.5,18,True,False,False,,-1,53.9122,1000
2023-05-24 07:33:36,118,B+6.5,15,True,False,False,,-1,54.1058,1000
2023-05-24 07:34:51,147,W+0.5,25,True,False,False,,-1,54.3882,1000
2023-05-24 07:37:49,162,W+4.5,27,True,False,False,,-1,54.4706,2000
2023-05-24 07:38:43,121,B+4.5,15,True,False,False,,-1,54.5242,2000
2023-05-24 07:39:41,124,B+0.5,14,True,False,False,,-1,54.6395,2000
2023-05-24 07:40:53,129,W+2.5,23,True,False,False,,-1,54.9948,2000
2023-05-24 07:41:41,103,W+1.5,13,True,False,False,,-1,54.8036,2000
2023-05-24 07:42:48,128,B+3.5,18,True,False,False,,-1,55.1126,2000
2023-05-24 07:43:50,119,B+12.5,15,True,False,False,,-1,55.3683,2000
2023-05-24 07:44:55,116,B+0.5,16,True,False,False,,-1,55.4525,2000
2023-05-24 07:45:39,97,B+3.5,9,True,False,False,,-1,55.5089,2000
2023-05-24 07:46:39,118,B+0.5,13,True,False,False,,-1,55.6675,2000
2023-05-24 07:47:42,125,W+2.5,21,True,False,False,,-1,55.7655,2000
2023-05-24 07:48:37,123,W+2.5,16,True,False,False,,-1,55.6957,2000
2023-05-24 07:49:50,131,W+0.5,18,True,False,False,,-1,56.0533,2000
2023-05-24 07:50:55,123,W+1.5,15,True,False,False,,-1,56.3142,2000
2023-05-24 07:51:52,123,W+2.5,23,True,False,False,,-1,56.2135,2000
2023-05-24 07:52:49,110,W+0.5,16,True,False,False,,-1,56.5024,2000
2023-05-24 07:53:41,102,B+1.5,8,True,False,False,,-1,56.5764,2000
2023-05-24 07:54:15,71,B+2.5,10,True,False,False,,-1,56.2648,2000
2023-05-24 07:54:58,81,B+1.5,9,True,False,False,,-1,56.0369,2000
2023-05-24 07:55:47,98,B+0.5,6,True,False,False,,-1,55.9282,2000
2023-05-24 07:56:28,103,W+3.5,17,True,False,False,,-1,55.7708,2000
2023-05-24 07:57:26,110,B+0.5,12,True,False,False,,-1,56.0131,2000
2023-05-24 07:58:05,99,B+2.5,12,True,False,False,,-1,55.8459,2000
2023-05-24 07:58:42,70,W+3.5,4,True,False,False,,-1,55.8743,2000
2023-05-24 07:59:09,61,B+4.5,6,True,False,False,,-1,55.6787,2000
2023-05-24 07:59:59,102,B+0.5,12,True,False,False,,-1,55.5904,2000
2023-05-24 08:01:15,138,B+0.5,14,True,False,False,,-1,55.9611,2000
2023-05-24 08:01:43,75,B+0.5,8,True,False,False,,-1,55.956,2000
2023-05-24 08:02:34,99,B+6.5,16,True,False,False,,-1,56.0597,2000
2023-05-24 08:03:46,133,W+0.5,10,True,False,False,,-1,56.0876,2000
2023-05-24 08:04:47,117,W+1.5,16,True,False,False,,-1,56.1758,2000
2023-05-24 08:05:57,129,W+0.5,22,True,False,False,,-1,56.4733,2000
2023-05-24 08:06:50,108,B+2.5,14,True,False,False,,-1,56.4855,2000
2023-05-24 08:07:54,122,B+3.5,17,True,False,False,,-1,56.6353,2000
2023-05-24 08:08:37,87,B+3.5,8,True,False,False,,-1,56.7079,2000
2023-05-24 08:09:41,141,W+0.5,22,True,False,False,,-1,56.7813,2000
2023-05-24 08:10:37,111,B+5.5,16,True,False,False,,-1,56.9945,2000
2023-05-24 08:11:54,143,W+1.5,19,True,False,False,,-1,57.442,2000
2023-05-24 08:12:33,81,B+2.5,6,True,False,False,,-1,57.1455,2000
2023-05-24 08:13:48,147,W+1.5,20,True,False,False,,-1,57.3742,2000
2023-05-24 08:14:21,63,B+2.5,6,True,False,False,,-1,57.0333,2000
2023-05-24 08:15:04,77,B+0.5,7,True,False,False,,-1,56.7341,2000
2023-05-24 08:15:45,75,B+0.5,7,True,False,False,,-1,56.6816,2000
2023-05-24 08:16:41,110,B+4.5,15,True,False,False,,-1,56.7918,2000
2023-05-24 08:17:53,127,W+0.5,17,True,False,False,,-1,56.9792,2000
2023-05-24 08:21:01,123,W+1.5,27,True,False,False,,-1,57.0239,3000
2023-05-24 08:21:46,79,B+0.5,9,True,False,False,,-1,56.9517,3000
2023-05-24 08:22:43,106,B+1.5,11,True,False,False,,-1,57.1148,3000
2023-05-24 08:23:38,96,B+0.5,5,True,False,False,,-1,56.9488,3000
2023-05-24 08:24:36,108,B+1.5,11,True,False,False,,-1,57.1331,3000
2023-05-24 08:25:27,106,B+3.5,6,True,False,False,,-1,57.2871,3000
2023-05-24 08:26:04,111,W+0.5,21,True,False,False,,-1,57.0948,3000
2023-05-24 08:26:44,81,B+0.5,4,True,False,False,,-1,56.9482,3000
2023-05-24 08:27:34,99,W+2.5,12,True,False,False,,-1,56.7303,3000
2023-05-24 08:28:38,119,B+0.5,21,True,False,False,,-1,56.9619,3000
2023-05-24 08:29:28,105,W+2.5,10,True,False,False,,-1,56.9129,3000
2023-05-24 08:30:25,118,B+1.5,15,True,False,False,,-1,56.9851,3000
2023-05-24 08:31:21,111,W+1.5,17,True,False,False,,-1,56.9504,3000
2023-05-24 08:32:14,105,B+2.5,11,True,False,False,,-1,56.9875,3000
2023-05-24 08:33:16,116,B+2.5,12,True,False,False,,-1,56.7701,3000
2023-05-24 08:34:15,112,B+0.5,17,True,False,False,,-1,56.5297,3000
2023-05-24 08:35:02,95,W+7.5,9,True,False,False,,-1,56.5517,3000
2023-05-24 08:35:58,127,W+2.5,13,True,False,False,,-1,56.5831,3000
2023-05-24 08:36:48,111,W+2.5,11,True,False,False,,-1,56.5526,3000
2023-05-24 08:37:48,117,W+1.5,15,True,False,False,,-1,56.5033,3000
2023-05-24 08:38:47,118,B+1.5,18,True,False,False,,-1,56.5453,3000
2023-05-24 08:39:36,104,B+7.5,6,True,False,False,,-1,56.5545,3000
2023-05-24 08:40:42,133,B+1.5,22,True,False,False,,-1,56.7056,3000
2023-05-24 08:40:58,39,B+5.5,3,True,False,False,,-1,56.3187,3000
2023-05-24 08:41:56,106,B+0.5,16,True,False,False,,-1,56.2712,3000
2023-05-24 08:42:58,121,W+2.5,19,True,False,False,,-1,56.3037,3000
2023-05-24 08:43:52,102,B+1.5,10,True,False,False,,-1,56.3209,3000
2023-05-24 08:44:41,101,W+6.5,12,True,False,False,,-1,56.0754,3000
2023-05-24 08:45:27,86,W+4.5,7,True,False,False,,-1,55.992,3000
2023-05-24 08:46:19,100,B+0.5,9,True,False,False,,-1,55.9771,3000
2023-05-24 08:47:46,162,W+0.5,24,True,False,False,,-1,56.3503,3000
2023-05-24 08:48:37,126,B+7.5,14,True,False,False,,-1,56.1836,3000
2023-05-24 08:49:28,111,W+8.5,19,True,False,False,,-1,56.1931,3000
2023-05-24 08:50:23,108,B+0.5,7,True,False,False,,-1,56.1731,3000
2023-05-24 08:51:20,112,B+0.5,14,True,False,False,,-1,56.0327,3000
2023-05-24 08:52:10,101,W+2.5,10,True,False,False,,-1,55.9005,3000
2023-05-24 08:52:51,108,B+0.5,19,True,False,False,,-1,55.7533,3000
2023-05-24 08:53:36,108,W+0.5,10,True,False,False,,-1,55.6528,3000
2023-05-24 08:54:45,121,W+1.5,16,True,False,False,,-1,55.517,3000
2023-05-24 08:55:57,139,W+2.5,18,True,False,False,,-1,55.5044,3000
2023-05-24 08:57:23,161,B+0.5,27,True,False,False,,-1,55.8244,3000
2023-05-24 08:58:33,125,B+0.5,13,True,False,False,,-1,55.7441,3000
2023-05-24 08:59:20,102,B+0.5,8,True,False,False,,-1,55.7829,3000
2023-05-24 09:00:18,111,W+6.5,19,True,False,False,,-1,55.7378,3000
2023-05-24 09:01:37,136,B+0.5,18,True,False,False,,-1,55.8913,3000
2023-05-24 09:04:12,112,B+2.5,7,True,False,False,,-1,55.5915,4000
2023-05-24 09:05:22,139,W+2.5,18,True,False,False,,-1,55.5412,4000
2023-05-24 09:06:20,112,B+1.5,18,True,False,False,,-1,55.4713,4000
2023-05-24 09:07:15,109,W+8.5,14,True,False,False,,-1,55.3527,4000
2023-05-24 09:08:24,141,W+1.5,13,True,False,False,,-1,55.4725,4000
2023-05-24 09:09:28,132,B+3.5,22,True,False,False,,-1,55.5444,4000
2023-05-24 09:10:41,143,W+3.5,28,True,False,False,,-1,55.525,4000
2023-05-24 09:11:20,102,B+1.5,8,True,False,False,,-1,55.4062,4000
2023-05-24 09:12:18,116,B+0.5,17,True,False,False,,-1,55.1683,4000
2023-05-24 09:13:14,105,W+8.5,10,True,False,False,,-1,55.1978,4000
2023-05-24 09:13:53,94,B+2.5,8,True,False,False,,-1,54.998,4000
2023-05-24 09:14:45,106,B+1.5,9,True,False,False,,-1,54.8069,4000
2023-05-24 09:15:31,95,W+1.5,10,True,False,False,,-1,54.7878,4000
2023-05-24 09:16:46,136,B+4.5,17,True,False,False,,-1,54.8698,4000
2023-05-24 09:17:37,100,B+2.5,8,True,False,False,,-1,54.7519,4000
2023-05-24 09:18:44,126,B+0.5,20,True,False,False,,-1,54.7755,4000
2023-05-24 09:19:35,107,W+5.5,13,True,False,False,,-1,54.8425,4000
2023-05-24 09:20:46,132,B+3.5,17,True,False,False,,-1,54.9534,4000
2023-05-24 09:21:55,132,B+2.5,24,True,False,False,,-1,55.0133,4000
2023-05-24 09:22:37,99,B+0.5,12,True,False,False,,-1,54.8891,4000
2023-05-24 09:23:36,128,W+13.5,18,True,False,False,,-1,54.7398,4000
2023-05-24 09:24:24,109,B+0.5,17,True,False,False,,-1,54.5771,4000
2023-05-24 09:25:06,90,W+0.5,6,True,False,False,,-1,54.4253,4000
2023-05-24 09:25:58,116,B+2.5,13,True,False,False,,-1,54.3748,4000
2023-05-24 09:26:50,106,B+7.5,3,True,False,False,,-1,54.3769,4000
2023-05-24 09:27:34,98,B+1.5,9,True,False,False,,-1,54.479,4000
2023-05-24 09:28:40,162,W+0.5,19,True,False,False,,-1,54.7025,4000
2023-05-24 09:29:35,109,B+2.5,8,True,False,False,,-1,54.7688,4000
2023-05-24 09:30:13,81,B+0.5,5,True,False,False,,-1,54.7333,4000
2023-05-24 09:31:18,162,B+5.5,15,True,False,False,,-1,54.8009,4000
2023-05-24 09:32:30,141,W+1.5,26,True,False,False,,-1,55.1294,4000
2023-05-24 09:33:21,97,W+0.5,8,True,False,False,,-1,55.2756,4000
2023-05-24 09:34:06,92,B+3.5,4,True,False,False,,-1,55.4607,4000
2023-05-24 09:35:02,111,B+0.5,10,True,False,False,,-1,55.5201,4000
2023-05-24 09:35:53,105,W+1.5,16,True,False,False,,-1,55.2715,4000
2023-05-24 09:36:47,107,W+4.5,12,True,False,False,,-1,55.5269,4000
2023-05-24 09:37:53,122,B+5.5,11,True,False,False,,-1,55.6774,4000
2023-05-24 09:38:48,110,W+2.5,15,True,False,False,,-1,55.5027,4000
2023-05-24 09:39:37,112,B+3.5,13,True,False,False,,-1,55.3836,4000
2023-05-24 09:40:36,114,B+4.5,18,True,False,False,,-1,55.2685,4000
2023-05-24 09:41:40,121,W+0.5,17,True,False,False,,-1,55.3837,4000
2023-05-24 09:42:42,117,W+2.5,22,True,False,False,,-1,55.3668,4000
2023-05-24 09:44:07,162,W+3.5,28,True,False,False,,-1,55.777,4000
2023-05-24 09:46:41,58,W+4.5,2,True,False,False,,-1,55.355,5000
2023-05-24 09:47:08,59,B+6.5,5,True,False,False,,-1,54.8549,5000
2023-05-24 09:47:40,70,W+1.5,5,True,False,False,,-1,54.7843,5000
2023-05-24 09:48:46,143,W+1.5,31,True,False,False,,-1,54.6907,5000
2023-05-24 09:49:29,97,B+0.5,18,True,False,False,,-1,54.7954,5000
2023-05-24 09:50:27,129,W+0.5,18,True,False,False,,-1,54.9525,5000
2023-05-24 09:51:09,106,B+1.5,11,True,False,False,,-1,54.9546,5000
2023-05-24 09:51:39,67,B+1.5,5,True,False,False,,-1,54.6959,5000
2023-05-24 09:52:45,147,B+2.5,31,True,False,False,,-1,54.6337,5000
2023-05-24 09:53:27,96,B+1.5,9,True,False,False,,-1,54.552,5000
2023-05-24 09:54:40,152,B+1.5,23,True,False,False,,-1,54.668,5000
2023-05-24 09:55:26,107,W+2.5,10,True,False,False,,-1,54.6793,5000
2023-05-24 09:56:12,91,B+0.5,6,True,False,False,,-1,54.5789,5000
2023-05-24 09:57:01,114,B+0.5,10,True,False,False,,-1,54.5143,5000
2023-05-24 09:58:01,137,W+0.5,20,True,False,False,,-1,54.5375,5000
2023-05-24 09:58:54,100,B+0.5,5,True,False,False,,-1,54.5534,5000
2023-05-24 09:59:47,111,W+6.5,15,True,False,False,,-1,54.712,5000
2023-05-24 10:00:27,87,B+0.5,7,True,False,False,,-1,54.7145,5000
2023-05-24 10:00:59,73,B+0.5,14,True,False,False,,-1,54.5319,5000
2023-05-24 10:01:46,114,B+1.5,12,True,False,False,,-1,54.3694,5000
2023-05-24 10:02:57,162,B+5.5,30,True,False,False,,-1,54.5746,5000
2023-05-24 10:03:43,91,B+2.5,13,True,False,False,,-1,54.4575,5000
2023-05-24 10:04:28,97,W+2.5,11,True,False,False,,-1,54.35,5000
2023-05-24 10:04:54,73,B+4.5,9,True,False,False,,-1,54.0763,5000
2023-05-24 10:05:34,99,W+1.5,12,True,False,False,,-1,53.8561,5000
2023-05-24 10:06:19,104,B+0.5,14,True,False,False,,-1,53.7256,5000
2023-05-24 10:07:19,132,B+0.5,20,True,False,False,,-1,53.8546,5000
2023-05-24 10:08:05,105,B+4.5,7,True,False,False,,-1,53.7546,5000
2023-05-24 10:08:58,125,W+8.5,22,True,False,False,,-1,53.7816,5000
2023-05-24 10:09:37,93,B+1.5,11,True,False,False,,-1,53.5765,5000
2023-05-24 10:10:05,67,B+4.5,6,True,False,False,,-1,53.2563,5000
2023-05-24 10:10:58,120,B+0.5,22,True,False,False,,-1,53.3024,5000
2023-05-24 10:11:45,117,W+4.5,18,True,False,False,,-1,53.1098,5000
2023-05-24 10:12:25,95,B+2.5,10,True,False,False,,-1,53.3556,5000
2023-05-24 10:12:56,72,W+3.5,7,True,False,False,,-1,53.0756,5000
2023-05-24 10:13:44,113,W+5.5,14,True,False,False,,-1,52.94,5000
2023-05-24 10:14:30,129,B+0.5,14,True,False,False,,-1,52.8634,5000
2023-05-24 10:15:18,103,W+1.5,16,True,False,False,,-1,52.8472,5000
2023-05-24 10:16:22,142,B+1.5,28,True,False,False,,-1,53.0282,5000
2023-05-24 10:17:16,121,B+0.5,22,True,False,False,,-1,53.0487,5000
2023-05-24 10:18:03,105,B+1.5,11,True,False,False,,-1,52.6506,5000
2023-05-24 10:18:47,107,W+2.5,14,True,False,False,,-1,52.5803,5000
2023-05-24 10:19:35,110,B+2.5,15,True,False,False,,-1,52.5539,5000
2023-05-24 10:20:44,159,W+1.5,33,True,False,False,,-1,52.6899,5000
2023-05-24 10:21:28,103,W+0.5,14,True,False,False,,-1,52.5676,5000
2023-05-24 10:22:13,95,B+2.5,5,True,False,False,,-1,52.5132,5000
2023-05-24 10:25:20,112,B+2.5,15,True,False,False,,-1,52.7133,6000
2023-05-24 10:26:17,121,W+2.5,17,True,False,False,,-1,52.5889,6000
2023-05-24 10:27:20,151,W+2.5,30,True,False,False,,-1,52.4966,6000
2023-05-24 10:28:33,150,B+1.5,26,True,False,False,,-1,52.3739,6000
2023-05-24 10:29:22,107,W+1.5,13,True,False,False,,-1,52.1582,6000
2023-05-24 10:30:34,162,W+3.5,33,True,False,False,,-1,52.4136,6000
2023-05-24 10:31:28,107,W+0.5,14,True,False,False,,-1,52.3649,6000
2023-05-24 10:32:17,102,B+1.5,12,True,False,False,,-1,52.0655,6000
2023-05-24 10:33:36,140,B+3.5,20,True,False,False,,-1,52.6144,6000
2023-05-24 10:34:14,82,W+0.5,12,True,False,False,,-1,52.4359,6000
2023-05-24 10:35:17,119,W+0.5,20,True,False,False,,-1,52.364,6000
2023-05-24 10:36:05,102,B+1.5,9,True,False,False,,-1,52.2632,6000
2023-05-24 10:37:00,129,W+0.5,23,True,False,False,,-1,52.2644,6000
2023-05-24 10:37:47,119,W+3.5,25,True,False,False,,-1,52.043,6000
2023-05-24 10:38:49,134,W+0.5,30,True,False,False,,-1,52.0246,6000
2023-05-24 10:39:49,162,W+16.5,35,True,False,False,,-1,51.9028,6000
2023-05-24 10:40:39,92,B+1.5,7,True,False,False,,-1,52.0085,6000
2023-05-24 10:41:37,110,B+3.5,11,True,False,False,,-1,52.0046,6000
2023-05-24 10:42:39,129,W+0.5,19,True,False,False,,-1,52.0664,6000
2023-05-24 10:43:18,85,B+9.5,14,True,False,False,,-1,52.0682,6000
2023-05-24 10:44:08,106,B+4.5,8,True,False,False,,-1,52.0419,6000
2023-05-24 10:44:53,120,W+6.5,18,True,False,False,,-1,52.0317,6000
2023-05-24 10:45:35,95,B+0.5,7,True,False,False,,-1,51.7017,6000
2023-05-24 10:46:56,162,B+15.5,37,True,False,False,,-1,52.0006,6000
2023-05-24 10:47:35,105,W+0.5,17,True,False,False,,-1,51.722,6000
2023-05-24 10:48:15,102,B+2.5,19,True,False,False,,-1,51.6167,6000
2023-05-24 10:49:17,116,B+1.5,11,True,False,False,,-1,51.5203,6000
2023-05-24 10:50:16,121,B+1.5,12,True,False,False,,-1,51.4248,6000
2023-05-24 10:50:59,97,B+7.5,4,True,False,False,,-1,51.4268,6000
2023-05-24 10:52:02,143,W+0.5,27,True,False,False,,-1,51.4808,6000
2023-05-24 10:52:36,77,B+0.5,6,True,False,False,,-1,51.3349,6000
2023-05-24 10:53:25,108,B+3.5,9,True,False,False,,-1,51.4034,6000
2023-05-24 10:54:20,116,B+1.5,18,True,False,False,,-1,51.4415,6000
2023-05-24 10:55:22,127,W+1.5,14,True,False,False,,-1,51.5357,6000
2023-05-24 10:56:02,94,B+5.5,6,True,False,False,,-1,51.4952,6000
2023-05-24 10:57:01,128,B+6.5,16,True,False,False,,-1,51.4306,6000
2023-05-24 10:58:12,153,W+12.5,31,True,False,False,,-1,51.5805,6000
2023-05-24 10:58:47,76,W+0.5,5,True,False,False,,-1,51.5532,6000
2023-05-24 10:59:43,115,W+4.5,19,True,False,False,,-1,51.468,6000
2023-05-24 11:00:29,103,B+1.5,12,True,False,False,,-1,51.2111,6000
2023-05-24 11:01:32,141,W+0.5,23,True,False,False,,-1,51.3215,6000
2023-05-24 11:02:19,92,B+0.5,9,True,False,False,,-1,51.341,6000
2023-05-24 11:03:15,121,W+1.5,19,True,False,False,,-1,51.3414,6000
2023-05-24 11:06:33,113,W+2.5,11,True,False,False,,-1,51.4609,7000
2023-05-24 11:07:12,81,W+R,1,False,False,False,B,-0.85,51.1858,7000
2023-05-24 11:08:12,144,B+0.5,19,True,True,False,W,-0.85,51.2394,7000
2023-05-24 11:09:09,121,B+1.5,14,True,True,False,W,-0.85,51.3194,7000
2023-05-24 11:09:59,109,W+R,18,False,False,False,B,-0.85,51.2327,7000
2023-05-24 11:10:38,93,W+R,8,False,False,False,B,-0.85,50.9812,7000
2023-05-24 11:11:42,147,B+7.5,25,True,True,False,W,-0.85,50.9954,7000
2023-05-24 11:12:22,86,B+R,0,False,False,False,W,-0.85,50.5502,7000
2023-05-24 11:13:07,112,B+R,11,False,False,False,W,-0.85,50.5041,7000
2023-05-24 11:13:50,99,W+R,9,False,False,False,B,-0.85,50.6556,7000
2023-05-24 11:14:58,162,W+15.5,37,True,True,False,B,-0.85,51.069,7000
2023-05-24 11:15:35,80,B+R,0,False,False,False,W,-0.85,51.1183,7000
2023-05-24 11:16:15,93,B+1.5,6,False,False,False,,-0.85,50.8585,7000
2023-05-24 11:16:51,91,W+R,8,False,False,False,B,-0.85,50.7916,7000
2023-05-24 11:17:36,92,B+R,3,False,False,False,W,-0.85,50.6555,7000
2023-05-24 11:18:17,92,B+R,7,False,False,False,W,-0.85,50.654,7000
2023-05-24 11:19:34,161,W+R,34,False,False,False,B,-0.85,51.1184,7000
2023-05-24 11:20:12,82,B+R,0,False,False,False,W,-0.85,50.846,7000
2023-05-24 11:20:52,96,B+R,10,False,False,False,W,-0.85,50.8107,7000
2023-05-24 11:21:26,98,B+R,5,False,False,False,W,-0.85,50.4323,7000
2023-05-24 11:22:00,79,B+9.5,11,False,False,False,,-0.85,50.3164,7000
2023-05-24 11:22:30,71,B+2.5,8,False,False,False,,-0.85,50.1429,7000
2023-05-24 11:23:09,79,W+R,5,False,False,False,B,-0.85,50.0485,7000
2023-05-24 11:23:49,85,W+R,13,False,False,False,B,-0.85,49.8477,7000
2023-05-24 11:24:17,62,B+R,0,False,False,False,W,-0.85,49.5913,7000
2023-05-24 11:24:54,82,B+R,5,False,False,False,W,-0.85,49.4401,7000
2023-05-24 11:25:32,93,W+R,0,False,False,False,B,-0.85,49.415,7000
2023-05-24 11:26:01,70,B+R,0,False,False,False,W,-0.85,49.3879,7000
2023-05-24 11:27:02,155,W+R,37,False,False,False,B,-0.85,49.521,7000
2023-05-24 11:27:45,106,W+3.5,9,False,False,False,,-0.85,49.2468,7000
2023-05-24 11:28:25,96,B+R,3,False,False,False,W,-0.85,49.1932,7000
2023-05-24 11:29:10,94,W+0.5,11,False,False,False,,-0.85,49.1935,7000
2023-05-24 11:29:55,89,W+R,7,False,False,False,B,-0.85,49.3772,7000
2023-05-24 11:30:41,139,W+R,30,False,False,False,B,-0.85,49.4374,7000
2023-05-24 11:31:12,92,B+R,1,False,False,False,W,-0.85,49.3,7000
2023-05-24 11:32:12,113,W+R,16,False,False,False,B,-0.85,49.294,7000
2023-05-24 11:32:56,90,B+R,17,False,False,False,W,-0.85,49.2825,7000
2023-05-24 11:33:45,94,B+R,13,False,False,False,W,-0.85,49.2452,7000
2023-05-24 11:34:06,66,B+R,1,False,False,False,W,-0.85,49.059,7000
2023-05-24 11:34:51,100,B+R,3,False,False,False,W,-0.85,49.2337,7000
2023-05-24 11:35:36,91,W+R,8,False,False,False,B,-0.85,49.1485,7000
2023-05-24 11:36:12,82,B+R,8,False,False,False,W,-0.85,49.0433,7000
2023-05-24 11:37:22,148,B+0.5,30,True,True,False,W,-0.85,49.3324,7000
2023-05-24 11:39:58,102,B+R,9,False,False,False,W,-0.85,49.3941,8000
2023-05-24 11:40:37,103,W+2.5,9,True,True,False,B,-0.85,49.3302,8000
2023-05-24 11:41:06,68,B+R,0,False,False,False,W,-0.85,49.1429,8000
2023-05-24 11:42:03,161,W+R,29,False,False,False,B,-0.85,49.0634,8000
2023-05-24 11:42:52,107,W+R,11,False,False,False,B,-0.85,49.02,8000
2023-05-24 11:43:29,89,W+R,6,False,False,False,B,-0.85,48.9228,8000
2023-05-24 11:44:12,99,B+1.5,12,False,False,False,,-0.85,48.9102,8000
2023-05-24 11:45:12,133,W+R,29,False,False,False,B,-0.85,49.0266,8000
2023-05-24 11:45:57,103,W+R,8,False,False,False,B,-0.85,48.7901,8000
2023-05-24 11:46:21,56,B+R,0,False,False,False,W,-0.85,48.577,8000
2023-05-24 11:46:59,86,B+R,2,False,False,False,W,-0.85,48.5192,8000
2023-05-24 11:47:41,93,W+R,6,False,False,False,B,-0.85,48.4199,8000
2023-05-24 11:48:22,97,W+R,6,False,False,False,B,-0.85,48.2855,8000
2023-05-24 11:48:47,66,B+R,1,False,False,False,W,-0.85,47.9683,8000
2023-05-24 11:49:18,77,B+0.5,3,False,False,False,,-0.85,47.6494,8000
2023-05-24 11:49:59,105,B+12.5,24,False,False,False,,-0.85,47.3315,8000
2023-05-24 11:50:50,114,B+R,6,False,False,False,W,-0.85,47.3539,8000
2023-05-24 11:51:12,68,B+R,2,False,False,False,W,-0.85,46.8488,8000
2023-05-24 11:51:47,83,B+0.5,5,False,False,False,,-0.85,46.6561,8000
2023-05-24 11:52:25,94,B+R,3,False,False,False,W,-0.85,46.5492,8000
2023-05-24 11:53:04,89,W+R,10,False,False,False,B,-0.85,46.1445,8000
2023-05-24 11:53:26,56,B+R,0,False,False,False,W,-0.85,45.9879,8000
2023-05-24 11:53:59,72,B+R,3,False,False,False,W,-0.85,45.6894,8000
2023-05-24 11:54:42,117,W+R,14,False,False,False,B,-0.85,45.6397,8000
2023-05-24 11:55:25,105,W+0.5,15,True,True,False,B,-0.85,45.5201,8000
2023-05-24 11:56:03,87,W+R,8,False,False,False,B,-0.85,45.4236,8000
2023-05-24 11:56:41,85,B+0.5,7,True,False,False,,-0.85,45.1938,8000
2023-05-24 11:57:24,94,B+R,1,False,False,False,W,-0.85,45.0136,8000
2023-05-24 11:58:13,111,W+7.5,21,True,True,False,B,-0.85,45.006,8000
2023-05-24 11:58:58,96,B+R,2,False,False,False,W,-0.85,44.8877,8000
2023-05-24 12:00:04,160,B+R,19,False,False,False,W,-0.85,44.9092,8000
2023-05-24 12:00:48,97,W+R,1,False,False,False,B,-0.85,44.9662,8000
2023-05-24 12:01:30,86,B+R,2,False,False,False,W,-0.85,44.8858,8000
2023-05-24 12:02:05,78,B+R,2,False,False,False,W,-0.85,44.793,8000
2023-05-24 12:02:28,56,B+R,0,False,False,False,W,-0.85,44.5995,8000
2023-05-24 12:03:10,100,B+R,11,False,False,False,W,-0.85,44.2117,8000
2023-05-24 12:03:36,60,B+R,4,False,False,False,W,-0.85,44.0802,8000
2023-05-24 12:04:14,80,B+R,3,False,False,False,W,-0.85,44.0601,8000
2023-05-24 12:05:05,111,W+R,18,False,False,False,B,-0.85,43.9525,8000
2023-05-24 12:05:33,66,B+R,3,False,False,False,W,-0.85,43.6387,8000
2023-05-24 12:06:30,121,W+R,7,False,False,False,B,-0.85,43.7834,8000
2023-05-24 12:07:05,70,B+R,4,False,False,False,W,-0.85,43.4911,8000
2023-05-24 12:07:37,72,W+1.5,3,False,False,False,,-0.85,43.4806,8000
2023-05-24 12:08:43,147,W+R,18,False,False,False,B,-0.85,43.6482,8000
2023-05-24 12:11:03,90,B+R,8,False,False,False,W,-0.85,43.1846,9000
2023-05-24 12:11:40,84,B+R,0,False,False,False,W,-0.85,43.1511,9000
2023-05-24 12:12:17,80,B+R,5,False,False,False,W,-0.85,42.9304,9000
2023-05-24 12:12:47,80,B+R,2,False,False,False,W,-0.85,42.5205,9000
2023-05-24 12:13:27,101,W+R,14,False,False,False,B,-0.85,42.576,9000
2023-05-24 12:14:11,103,W+R,15,False,False,False,B,-0.85,42.4514,9000
2023-05-24 12:14:43,103,W+R,8,False,False,False,B,-0.85,42.3042,9000
2023-05-24 12:15:33,108,B+2.5,10,True,True,True,B,-0.85,42.1796,9000
2023-05-24 12:16:18,98,B+1.5,8,True,True,False,W,-0.85,42.1587,9000
2023-05-24 12:16:48,72,B+R,6,False,False,False,W,-0.85,41.9037,9000
2023-05-24 12:17:08,66,B+R,2,False,False,False,W,-0.85,41.5275,9000
2023-05-24 12:17:45,86,B+R,4,False,False,False,W,-0.85,41.3053,9000
2023-05-24 12:18:23,92,B+R,1,False,False,False,W,-0.85,41.3018,9000
2023-05-24 12:19:01,82,B+R,2,False,False,False,W,-0.85,41.08,9000
2023-05-24 12:19:43,97,W+R,5,False,False,False,B,-0.85,40.93,9000
2023-05-24 12:20:21,78,B+R,4,False,False,False,W,-0.85,40.8028,9000
2023-05-24 12:20:52,76,B+R,5,False,False,False,W,-0.85,40.7249,9000
2023-05-24 12:21:48,132,B+R,15,False,False,False,W,-0.85,40.6477,9000
2023-05-24 12:22:31,97,W+R,12,False,False,False,B,-0.85,40.677,9000
2023-05-24 12:23:18,98,B+R,2,False,False,False,W,-0.85,40.6972,9000
2023-05-24 12:24:06,113,W+R,10,False,False,False,B,-0.85,40.7557,9000
2023-05-24 12:25:00,119,W+R,14,False,False,False,B,-0.85,40.6088,9000
2023-05-24 12:25:42,99,W+R,17,False,False,False,B,-0.85,40.6613,9000
2023-05-24 12:26:33,124,W+0.5,12,True,True,True,W,-0.85,40.7665,9000
2023-05-24 12:26:56,58,B+R,0,False,False,False,W,-0.85,40.6362,9000
2023-05-24 12:27:37,121,W+R,7,False,False,False,B,-0.85,40.6034,9000
2023-05-24 12:28:07,79,B+0.5,3,False,False,False,,-0.85,40.485,9000
2023-05-24 12:28:49,99,W+R,5,False,False,False,B,-0.85,40.1397,9000
2023-05-24 12:29:05,50,B+R,0,False,False,False,W,-0.85,39.9103,9000
2023-05-24 12:29:43,86,B+R,5,False,False,False,W,-0.85,39.9005,9000
2023-05-24 12:30:26,97,W+R,12,False,False,False,B,-0.85,39.9935,9000
2023-05-24 12:31:09,93,W+R,6,False,False,False,B,-0.85,40.076,9000
2023-05-24 12:31:37,88,B+R,7,False,False,False,W,-0.85,40.0633,9000
2023-05-24 12:32:23,109,W+R,12,False,False,False,B,-0.85,40.1333,9000
2023-05-24 12:33:10,132,B+R,12,False,False,False,W,-0.85,40.1981,9000
2023-05-24 12:33:56,125,W+R,14,False,False,False,B,-0.85,40.383,9000
2023-05-24 12:34:25,75,W+R,2,False,False,False,B,-0.85,40.2929,9000
2023-05-24 12:35:05,93,W+R,7,False,False,False,B,-0.85,40.3209,9000
2023-05-24 12:35:42,83,W+R,5,False,False,False,B,-0.85,40.3948,9000
2023-05-24 12:36:20,101,W+R,13,False,False,False,B,-0.85,40.1678,9000
2023-05-24 12:36:46,84,B+R,6,False,False,False,W,-0.85,40.0028,9000
2023-05-24 12:37:38,129,W+3.5,23,True,True,False,B,-0.85,40.1182,9000
2023-05-24 12:38:27,127,B+0.5,11,True,True,False,W,-0.85,40.1547,9000
2023-05-24 12:38:54,68,B+R,1,False,False,False,W,-0.85,39.987,9000
2023-05-24 12:41:26,84,B+R,1,False,False,False,W,-0.85,40.0238,10000
2023-05-24 12:41:56,72,B+R,4,False,False,False,W,-0.85,39.7315,10000
2023-05-24 12:42:45,161,W+R,27,False,False,False,B,-0.85,39.7773,10000
2023-05-24 12:43:31,161,W+R,22,False,False,False,B,-0.85,39.7448,10000
2023-05-24 12:44:00,70,B+R,1,False,False,False,W,-0.85,39.8324,10000
2023-05-24 12:45:02,132,B+1.5,22,True,True,False,W,-0.85,39.9994,10000
2023-05-24 12:45:44,86,B+R,3,False,False,False,W,-0.85,39.9682,10000
2023-05-24 12:46:25,90,B+R,4,False,False,False,W,-0.85,40.0169,10000
2023-05-24 12:46:50,70,B+R,10,False,False,False,W,-0.85,39.5754,10000
2023-05-24 12:47:32,101,W+R,8,False,False,False,B,-0.85,39.6345,10000
2023-05-24 12:48:01,68,B+R,0,False,False,False,W,-0.85,39.4393,10000
2023-05-24 12:48:39,91,W+R,9,False,False,False,B,-0.85,39.4207,10000
2023-05-24 12:49:07,70,B+R,2,False,False,False,W,-0.85,39.4145,10000
2023-05-24 12:49:52,120,B+R,18,False,False,False,W,-0.85,39.3001,10000
2023-05-24 12:50:40,103,B+2.5,14,False,False,False,,-0.85,39.2833,10000
2023-05-24 12:51:16,93,W+R,7,False,False,False,B,-0.85,39.2676,10000
2023-05-24 12:51:49,94,B+R,4,False,False,False,W,-0.85,39.1752,10000
2023-05-24 12:52:39,118,B+2.5,18,True,True,False,W,-0.85,39.0717,10000
2023-05-24 12:53:20,102,B+R,7,False,False,False,W,-0.85,39.0288,10000
2023-05-24 12:53:52,70,B+R,1,False,False,False,W,-0.85,39.1147,10000
2023-05-24 12:54:28,78,B+R,5,False,False,False,W,-0.85,39.0871,10000
2023-05-24 12:55:18,161,W+R,37,False,False,False,B,-0.85,39.171,10000
2023-05-24 12:56:16,139,W+R,23,False,False,False,B,-0.85,39.3472,10000
2023-05-24 12:57:04,130,B+R,18,False,False,False,W,-0.85,39.5695,10000
2023-05-24 12:57:45,121,W+R,18,False,False,False,B,-0.85,39.6759,10000
2023-05-24 12:58:34,119,W+R,21,False,False,False,B,-0.85,39.7489,10000
2023-05-24 12:59:10,94,B+R,9,False,False,False,W,-0.85,39.6073,10000
2023-05-24 12:59:46,84,B+R,7,False,False,False,W,-0.85,39.7406,10000
2023-05-24 13:00:19,75,W+R,2,False,False,False,B,-0.85,39.7284,10000
2023-05-24 13:01:23,157,W+R,38,False,False,False,B,-0.85,39.9912,10000
2023-05-24 13:02:18,122,B+0.5,16,True,True,False,W,-0.85,40.1498,10000
2023-05-24 13:03:17,151,W+R,25,False,False,False,B,-0.85,40.5098,10000
2023-05-24 13:04:01,107,W+R,18,False,False,False,B,-0.85,40.6256,10000
2023-05-24 13:04:50,107,B+3.5,16,False,False,False,,-0.85,40.6894,10000
2023-05-24 13:05:40,117,B+2.5,10,True,True,False,W,-0.85,40.7562,10000
2023-05-24 13:06:14,72,B+R,2,False,False,False,W,-0.85,40.7238,10000
2023-05-24 13:06:41,62,B+R,0,False,False,False,W,-0.85,40.6017,10000
2023-05-24 13:07:25,93,W+R,9,False,False,False,B,-0.85,40.6185,10000
2023-05-24 13:07:59,72,B+R,4,False,False,False,W,-0.85,40.4705,10000
2023-05-24 13:08:43,102,B+R,10,False,False,False,W,-0.85,40.4539,10000
2023-05-24 13:09:05,62,B+R,2,False,False,False,W,-0.85,40.0193,10000
2023-05-24 13:09:29,58,B+R,1,False,False,False,W,-0.85,39.8189,10000
2023-05-24 13:12:17,126,B+0.5,19,True,True,False,W,-0.85,40.0098,11000
2023-05-24 13:12:50,99,W+5.5,10,True,True,False,B,-0.85,40.1122,11000
2023-05-24 13:13:37,150,B+R,18,False,False,False,W,-0.85,40.1586,11000
2023-05-24 13:14:06,72,B+R,0,False,False,False,W,-0.85,40.1895,11000
2023-05-24 13:15:02,135,W+R,28,False,False,False,B,-0.85,40.3697,11000
2023-05-24 13:15:49,102,B+R,8,False,False,False,W,-0.85,40.3262,11000
2023-05-24 13:16:16,70,B+R,0,False,False,False,W,-0.85,40.3188,11000
2023-05-24 13:16:43,82,B+R,5,False,False,False,W,-0.85,40.0167,11000
2023-05-24 13:17:17,84,B+R,5,False,False,False,W,-0.85,40.0176,11000
2023-05-24 13:17:39,58,B+R,0,False,False,False,W,-0.85,39.9122,11000
2023-05-24 13:18:17,105,W+2.5,10,True,True,False,B,-0.85,39.638,11000
2023-05-24 13:18:43,66,B+R,0,False,False,False,W,-0.85,39.5484,11000
2023-05-24 13:19:16,86,B+R,1,False,False,False,W,-0.85,39.5103,11000
2023-05-24 13:19:45,76,B+R,4,False,False,False,W,-0.85,39.4383,11000
2023-05-24 13:20:27,105,W+2.5,11,True,True,False,B,-0.85,39.4924,11000
2023-05-24 13:21:08,104,B+R,7,False,False,False,W,-0.85,39.6044,11000
2023-05-24 13:21:41,76,B+R,2,False,False,False,W,-0.85,39.5257,11000
2023-05-24 13:22:19,90,B+R,1,False,False,False,W,-0.85,39.4647,11000
2023-05-24 13:22:48,66,B+R,0,False,False,False,W,-0.85,39.4387,11000
2023-05-24 13:23:33,106,B+R,4,False,False,False,W,-0.85,39.3938,11000
2023-05-24 13:24:10,80,B+R,4,False,False,False,W,-0.85,39.3075,11000
2023-05-24 13:24:53,114,B+6.5,14,True,True,False,W,-0.85,39.4393,11000
2023-05-24 13:25:25,84,B+R,4,False,False,False,W,-0.85,39.5593,11000
2023-05-24 13:26:13,99,W+R,6,False,False,False,B,-0.85,39.6708,11000
2023-05-24 13:26:48,82,B+R,4,False,False,False,W,-0.85,39.6428,11000
2023-05-24 13:27:27,82,B+R,2,False,False,False,W,-0.85,39.6451,11000
2023-05-24 13:27:48,68,B+R,0,False,False,False,W,-0.85,39.4313,11000
2023-05-24 13:28:26,83,W+R,9,False,False,False,B,-0.85,39.4379,11000
2023-05-24 13:28:51,60,B+R,1,False,False,False,W,-0.85,39.3771,11000
2023-05-24 13:29:40,119,W+1.5,15,True,True,False,B,-0.85,39.3045,11000
2023-05-24 13:30:24,102,B+R,4,False,False,False,W,-0.85,39.3213,11000
2023-05-24 13:30:55,70,B+R,2,False,False,False,W,-0.85,39.157,11000
2023-05-24 13:31:26,74,B+R,1,False,False,False,W,-0.85,38.9874,11000
2023-05-24 13:32:03,84,B+R,5,False,False,False,W,-0.85,38.823,11000
2023-05-24 13:32:56,123,W+8.5,25,True,True,False,B,-0.85,38.9209,11000
2023-05-24 13:33:29,73,W+R,0,False,False,False,B,-0.85,38.748,11000
2023-05-24 13:34:03,81,W+R,2,False,False,False,B,-0.85,38.8546,11000
2023-05-24 13:34:39,89,W+R,7,False,False,False,B,-0.85,38.8014,11000
2023-05-24 13:35:13,74,B+R,2,False,False,False,W,-0.85,38.8449,11000
2023-05-24 13:35:52,84,B+R,0,False,False,False,W,-0.85,38.8143,11000
2023-05-24 13:36:17,58,B+R,0,False,False,False,W,-0.85,38.9121,11000
2023-05-24 13:37:01,112,B+R,3,False,False,False,W,-0.85,38.9667,11000
2023-05-24 13:37:29,93,W+R,10,False,False,False,B,-0.85,38.816,11000
2023-05-24 13:37:59,79,W+R,2,False,False,False,B,-0.85,38.6823,11000
2023-05-24 13:38:27,76,B+R,2,False,False,False,W,-0.85,38.687,11000
2023-05-24 13:40:15,58,B+R,7,False,False,False,W,-0.85,38.1568,12000
2023-05-24 13:40:46,76,B+R,0,False,False,False,W,-0.85,38.015,12000
2023-05-24 13:41:17,72,B+R,4,False,False,False,W,-0.85,38.033,12000
2023-05-24 13:41:47,76,B+R,3,False,False,False,W,-0.85,37.932,12000
2023-05-24 13:43:05,159,W+R,37,False,False,False,B,-0.85,38.3432,12000
2023-05-24 13:44:03,115,W+R,26,False,False,False,B,-0.85,38.5461,12000
2023-05-24 13:44:47,97,W+R,12,False,False,False,B,-0.85,38.7226,12000
2023-05-24 13:45:35,107,W+R,15,False,False,False,B,-0.85,38.6773,12000
2023-05-24 13:46:27,110,B+R,13,False,False,False,W,-0.85,38.7101,12000
2023-05-24 13:47:12,97,W+R,8,False,False,False,B,-0.85,38.8845,12000
2023-05-24 13:47:33,56,B+R,0,False,False,False,W,-0.85,38.6755,12000
2023-05-24 13:48:19,100,B+R,6,False,False,False,W,-0.85,38.7473,12000
2023-05-24 13:49:06,104,B+R,7,False,False,False,W,-0.85,38.9132,12000
2023-05-24 13:50:12,160,B+R,29,False,False,False,W,-0.85,39.0815,12000
2023-05-24 13:50:25,33,B+0.5,7,False,False,False,,-0.85,38.7571,12000
2023-05-24 13:50:56,80,B+R,8,False,False,False,W,-0.85,38.7693,12000
2023-05-24 13:51:55,161,W+R,24,False,False,False,B,-0.85,38.7383,12000
2023-05-24 13:52:34,84,B+R,7,False,False,False,W,-0.85,38.7079,12000
2023-05-24 13:53:00,76,B+3.5,9,False,False,False,,-0.85,38.5592,12000
2023-05-24 13:53:46,99,W+R,11,False,False,False,B,-0.85,38.7745,12000
2023-05-24 13:54:39,112,B+R,15,False,False,False,W,-0.85,38.8797,12000
2023-05-24 13:55:20,90,B+R,5,False,False,False,W,-0.85,38.9969,12000
2023-05-24 13:55:59,90,B+R,4,False,False,False,W,-0.85,39.0062,12000
2023-05-24 13:56:38,95,W+R,13,False,False,False,B,-0.85,39.1178,12000
2023-05-24 13:57:16,82,B+R,2,False,False,False,W,-0.85,39.0452,12000
2023-05-24 13:57:56,95,B+2.5,4,False,False,False,,-0.85,38.9743,12000
2023-05-24 13:58:43,108,B+R,13,False,False,False,W,-0.85,39.084,12000
2023-05-24 13:59:32,110,B+3.5,22,True,True,False,W,-0.85,39.2419,12000
2023-05-24 14:00:09,95,W+R,12,False,False,False,B,-0.85,39.113,12000
2023-05-24 14:01:00,117,W+R,11,False,False,False,B,-0.85,39.2115,12000
2023-05-24 14:01:27,70,B+R,1,False,False,False,W,-0.85,39.1636,12000
2023-05-24 14:02:17,113,W+R,14,False,False,False,B,-0.85,39.3085,12000
2023-05-24 14:02:47,74,B+R,0,False,False,False,W,-0.85,39.0968,12000
2023-05-24 14:03:27,98,B+R,5,False,False,False,W,-0.85,38.9182,12000
2023-05-24 14:04:15,108,B+4.5,17,True,True,False,W,-0.85,38.9221,12000
2023-05-24 14:04:48,80,B+R,3,False,False,False,W,-0.85,38.8374,12000
2023-05-24 14:05:27,96,B+R,9,False,False,False,W,-0.85,38.7385,12000
2023-05-24 14:06:13,96,B+R,2,False,False,False,W,-0.85,38.8349,12000
2023-05-24 14:06:39,63,B+9.5,4,False,False,False,,-0.85,38.7462,12000
2023-05-24 14:07:23,100,B+R,7,False,False,False,W,-0.85,38.8501,12000
2023-05-24 14:08:03,88,B+R,9,False,False,False,W,-0.85,38.6079,12000
2023-05-24 14:08:39,96,B+R,0,False,False,False,W,-0.85,38.416,12000
2023-05-24 14:09:20,90,B+R,7,False,False,False,W,-0.85,38.2444,12000
2023-05-24 14:10:06,106,B+R,8,False,False,False,W,-0.85,38.2604,12000
2023-05-24 14:10:50,103,W+R,15,False,False,False,B,-0.85,38.2138,12000
2023-05-24 14:12:59,83,W+R,7,False,False,False,B,-0.85,38.0715,13000
2023-05-24 14:13:29,83,W+R,1,False,False,False,B,-0.85,38.1076,13000
2023-05-24 14:14:00,84,B+R,5,False,False,False,W,-0.85,37.9697,13000
2023-05-24 14:14:30,78,B+R,3,False,False,False,W,-0.85,37.9375,13000
2023-05-24 14:15:14,93,W+R,5,False,False,False,B,-0.85,37.9327,13000
2023-05-24 14:15:37,72,B+R,6,False,False,False,W,-0.85,37.943,13000
2023-05-24 14:16:07,75,W+R,4,False,False,False,B,-0.85,38.0016,13000
2023-05-24 14:16:49,104,B+R,10,False,False,False,W,-0.85,38.0388,13000
2023-05-24 14:17:24,84,B+R,0,False,False,False,W,-0.85,37.8021,13000
2023-05-24 14:17:59,91,W+R,5,False,False,False,B,-0.85,37.8241,13000
2023-05-24 14:18:45,115,W+1.5,15,True,True,False,B,-0.85,37.8205,13000
2023-05-24 14:19:17,79,W+R,0,False,False,False,B,-0.85,37.8544,13000
2023-05-24 14:20:08,110,B+2.5,11,True,True,False,W,-0.85,37.7978,13000
2023-05-24 14:20:35,67,W+R,2,False,False,False,B,-0.85,37.606,13000
2023-05-24 14:21:20,99,W+R,10,False,False,False,B,-0.85,37.7883,13000
2023-05-24 14:21:42,76,B+R,0,False,False,False,W,-0.85,37.7301,13000
2023-05-24 14:22:19,86,B+R,0,False,False,False,W,-0.85,37.7584,13000
2023-05-24 14:22:43,63,W+R,0,False,False,False,B,-0.85,37.7758,13000
2023-05-24 14:23:22,119,W+R,13,False,False,False,B,-0.85,37.7813,13000
2023-05-24 14:23:57,94,B+R,9,False,False,False,W,-0.85,37.8793,13000
2023-05-24 14:24:28,87,W+R,5,False,False,False,B,-0.85,37.8614,13000
2023-05-24 14:25:03,88,B+R,2,False,False,False,W,-0.85,37.9121,13000
2023-05-24 14:25:27,58,B+R,0,False,False,False,W,-0.85,37.7302,13000
2023-05-24 14:26:03,90,W+0.5,6,False,False,False,,-0.85,37.6852,13000
2023-05-24 14:26:25,72,B+R,1,False,False,False,W,-0.85,37.5784,13000
2023-05-24 14:26:52,76,B+R,0,False,False,False,W,-0.85,37.475,13000
2023-05-24 14:27:29,85,W+R,8,False,False,False,B,-0.85,37.5564,13000
2023-05-24 14:28:18,113,W+R,11,False,False,False,B,-0.85,37.5873,13000
2023-05-24 14:28:56,89,W+R,7,False,False,False,B,-0.85,37.6034,13000
2023-05-24 14:29:20,69,W+R,2,False,False,False,B,-0.85,37.4031,13000
2023-05-24 14:29:58,92,B+R,6,False,False,False,W,-0.85,37.4714,13000
2023-05-24 14:30:33,83,W+R,3,False,False,False,B,-0.85,37.3319,13000
2023-05-24 14:31:09,93,W+R,1,False,False,False,B,-0.85,37.3469,13000
2023-05-24 14:31:58,120,B+R,7,False,False,False,W,-0.85,37.4576,13000
2023-05-24 14:32:35,86,B+R,2,False,False,False,W,-0.85,37.6159,13000
2023-05-24 14:33:03,75,W+R,4,False,False,False,B,-0.85,37.5167,13000
2023-05-24 14:33:38,83,W+R,4,False,False,False,B,-0.85,37.6037,13000
2023-05-24 14:34:06,72,B+R,0,False,False,False,W,-0.85,37.3984,13000
2023-05-24 14:34:38,79,W+R,2,False,False,False,B,-0.85,37.278,13000
2023-05-24 14:35:32,122,B+2.5,16,True,True,False,W,-0.85,37.5112,13000
2023-05-24 14:36:12,97,W+R,8,False,False,False,B,-0.85,37.5943,13000
2023-05-24 14:36:53,99,W+R,8,False,False,False,B,-0.85,37.6346,13000
2023-05-24 14:37:22,74,B+R,2,False,False,False,W,-0.85,37.4031,13000
2023-05-24 14:37:56,77,W+R,1,False,False,False,B,-0.85,37.409,13000
2023-05-24 14:38:33,99,W+R,11,False,False,False,B,-0.85,37.4461,13000
2023-05-24 14:40:36,99,W+R,11,False,False,False,B,-0.85,37.3173,14000
2023-05-24 14:41:01,72,B+R,1,False,False,False,W,-0.85,37.1791,14000
2023-05-24 14:41:24,59,W+R,0,False,False,False,B,-0.85,37.1553,14000
2023-05-24 14:41:49,59,W+R,3,False,False,False,B,-0.85,36.9695,14000
2023-05-24 14:42:21,85,W+R,5,False,False,False,B,-0.85,37.004,14000
2023-05-24 14:42:52,68,B+R,2,False,False,False,W,-0.85,37.025,14000
2023-05-24 14:43:19,64,B+R,3,False,False,False,W,-0.85,37.009,14000
2023-05-24 14:44:04,161,W+R,28,False,False,False,B,-0.85,37.244,14000
2023-05-24 14:44:36,80,B+R,6,False,False,False,W,-0.85,37.3699,14000
2023-05-24 14:45:23,110,B+R,7,False,False,False,W,-0.85,37.5322,14000
2023-05-24 14:46:00,96,B+R,2,False,False,False,W,-0.85,37.5915,14000
2023-05-24 14:46:25,72,B+R,1,False,False,False,W,-0.85,37.5373,14000
2023-05-24 14:46:46,57,W+R,0,False,False,False,B,-0.85,36.9752,14000
2023-05-24 14:47:04,56,B+R,1,False,False,False,W,-0.85,36.5745,14000
2023-05-24 14:47:48,99,W+R,7,False,False,False,B,-0.85,36.5643,14000
2023-05-24 14:48:20,79,W+R,3,False,False,False,B,-0.85,36.4181,14000
2023-05-24 14:48:57,95,W+2.5,15,True,True,False,B,-0.85,36.2597,14000
2023-05-24 14:49:31,88,B+R,4,False,False,False,W,-0.85,36.1535,14000
2023-05-24 14:50:04,79,W+R,2,False,False,False,B,-0.85,36.2714,14000
2023-05-24 14:50:24,50,B+R,0,False,False,False,W,-0.85,36.0122,14000
2023-05-24 14:51:04,90,B+R,6,False,False,False,W,-0.85,35.9416,14000
2023-05-24 14:51:33,78,B+R,2,False,False,False,W,-0.85,35.5721,14000
2023-05-24 14:52:05,75,W+R,6,False,False,False,B,-0.85,35.7617,14000
2023-05-24 14:52:54,161,W+R,25,False,False,False,B,-0.85,35.9371,14000
2023-05-24 14:53:38,104,B+R,9,False,False,False,W,-0.85,35.796,14000
2023-05-24 14:54:19,103,W+R,5,False,False,False,B,-0.85,35.8205,14000
2023-05-24 14:54:46,75,W+R,2,False,False,False,B,-0.85,35.8218,14000
2023-05-24 14:55:13,69,W+R,1,False,False,False,B,-0.85,35.6253,14000
2023-05-24 14:55:42,83,W+R,7,False,False,False,B,-0.85,35.3878,14000
2023-05-24 14:56:29,161,W+R,25,False,False,False,B,-0.85,35.4536,14000
2023-05-24 14:56:48,52,B+R,0,False,False,False,W,-0.85,35.2525,14000
2023-05-24 14:57:23,90,B+R,6,False,False,False,W,-0.85,35.2088,14000
2023-05-24 14:57:51,76,B+R,1,False,False,False,W,-0.85,35.1169,14000
2023-05-24 14:58:22,75,B+2.5,5,False,False,False,,-0.85,35.016,14000
2023-05-24 14:58:52,75,W+R,1,False,False,False,B,-0.85,34.8498,14000
2023-05-24 14:59:32,131,W+R,14,False,False,False,B,-0.85,34.7552,14000
2023-05-24 14:59:52,54,B+R,0,False,False,False,W,-0.85,34.5905,14000
2023-05-24 15:00:27,88,B+R,6,False,False,False,W,-0.85,34.4325,14000
2023-05-24 15:00:55,76,B+R,3,False,False,False,W,-0.85,34.4412,14000
2023-05-24 15:01:21,63,W+R,2,False,False,False,B,-0.85,34.1957,14000
2023-05-24 15:01:48,70,B+R,0,False,False,False,W,-0.85,34.178,14000
2023-05-24 15:02:18,71,W+R,0,False,False,False,B,-0.85,34.0704,14000
2023-05-24 15:02:49,73,B+1.5,6,False,False,False,,-0.85,33.9009,14000
2023-05-24 15:03:25,101,W+R,9,False,False,False,B,-0.85,33.9376,14000
2023-05-24 15:04:04,162,W+12.5,40,True,True,False,B,-0.85,33.9389,14000
2023-05-24 15:04:39,84,B+R,9,False,False,False,W,-0.85,33.8203,14000
2023-05-24 15:05:22,101,B+0.5,9,True,True,False,W,-0.85,33.9884,14000
2023-05-24 15:07:28,74,B+R,4,False,False,False,W,-0.85,33.7805,15000
2023-05-24 15:08:17,112,B+R,15,False,False,False,W,-0.85,33.9077,15000
2023-05-24 15:08:51,80,B+R,2,False,False,False,W,-0.85,33.8324,15000
2023-05-24 15:09:32,90,B+R,2,False,False,False,W,-0.85,33.7909,15000
2023-05-24 15:10:04,72,B+R,0,False,False,False,W,-0.85,33.6632,15000
2023-05-24 15:10:40,81,W+R,5,False,False,False,B,-0.85,33.6824,15000
2023-05-24 15:11:09,70,B+R,0,False,False,False,W,-0.85,33.6083,15000
2023-05-24 15:11:37,64,B+R,0,False,False,False,W,-0.85,33.5951,15000
2023-05-24 15:12:23,125,W+R,17,False,False,False,B,-0.85,33.7467,15000
2023-05-24 15:12:55,80,B+R,10,False,False,False,W,-0.85,33.7541,15000
2023-05-24 15:13:22,78,B+R,2,False,False,False,W,-0.85,33.591,15000
2023-05-24 15:14:04,90,B+R,2,False,False,False,W,-0.85,33.7818,15000
2023-05-24 15:14:37,83,W+R,6,False,False,False,B,-0.85,33.8156,15000
2023-05-24 15:15:12,93,W+R,12,False,False,False,B,-0.85,33.742,15000
2023-05-24 15:15:49,88,B+R,2,False,False,False,W,-0.85,33.769,15000
2023-05-24 15:16:23,72,B+R,0,False,False,False,W,-0.85,33.7554,15000
2023-05-24 15:16:54,78,B+R,0,False,False,False,W,-0.85,33.6034,15000
2023-05-24 15:17:16,60,B+R,0,False,False,False,W,-0.85,33.5047,15000
2023-05-24 15:18:10,161,W+R,25,False,False,False,B,-0.85,33.5378,15000
2023-05-24 15:18:48,79,W+R,6,False,False,False,B,-0.85,33.6336,15000
2023-05-24 15:19:26,93,W+R,5,False,False,False,B,-0.85,33.5673,15000
2023-05-24 15:19:57,77,W+R,5,False,False,False,B,-0.85,33.6661,15000
2023-05-24 15:20:16,72,B+R,0,False,False,False,W,-0.85,33.479,15000
2023-05-24 15:20:49,87,W+R,9,False,False,False,B,-0.85,33.57,15000
2023-05-24 15:21:31,98,B+R,5,False,False,False,W,-0.85,33.6043,15000
2023-05-24 15:22:16,112,B+R,10,False,False,False,W,-0.85,33.6992,15000
2023-05-24 15:22:54,96,B+3.5,9,True,True,False,W,-0.85,33.7736,15000
2023-05-24 15:23:20,72,B+R,0,False,False,False,W,-0.85,33.6836,15000
2023-05-24 15:24:07,99,W+R,14,False,False,False,B,-0.85,33.9133,15000
2023-05-24 15:24:40,86,B+3.5,5,True,True,False,W,-0.85,33.8786,15000
2023-05-24 15:25:07,70,B+R,4,False,False,False,W,-0.85,33.9333,15000
2023-05-24 15:25:42,87,W+R,6,False,False,False,B,-0.85,34.0107,15000
2023-05-24 15:26:27,121,W+R,18,False,False,False,B,-0.85,34.0839,15000
2023-05-24 15:26:56,80,B+R,1,False,False,False,W,-0.85,33.8936,15000
2023-05-24 15:27:31,85,W+R,6,False,False,False,B,-0.85,33.8564,15000
2023-05-24 15:27:51,61,W+R,0,False,False,False,B,-0.85,33.826,15000
2023-05-24 15:28:45,104,B+3.5,8,True,True,False,W,-0.85,33.9846,15000
2023-05-24 15:29:13,62,B+R,4,False,False,False,W,-0.85,33.9195,15000
2023-05-24 15:30:02,105,W+R,9,False,False,False,B,-0.85,34.0427,15000
2023-05-24 15:30:31,66,B+R,0,False,False,False,W,-0.85,33.833,15000
2023-05-24 15:31:20,162,W+1.5,23,False,False,False,,-0.85,33.963,15000
2023-05-24 15:31:46,77,B+1.5,8,False,False,False,,-0.85,33.9388,15000
2023-05-24 15:32:17,83,W+R,8,False,False,False,B,-0.85,33.9099,15000
2023-05-24 15:32:59,101,W+R,12,False,False,False,B,-0.85,34.0411,15000
2023-05-24 15:35:41,97,W+R,8,False,False,False,B,-0.85,34.0509,16000
2023-05-24 15:36:17,86,B+R,2,False,False,False,W,-0.85,34.0092,16000
2023-05-24 15:36:36,56,B+R,0,False,False,False,W,-0.85,33.7909,16000
2023-05-24 15:37:10,93,W+R,9,False,False,False,B,-0.85,33.8397,16000
2023-05-24 15:37:34,66,B+R,1,False,False,False,W,-0.85,33.7356,16000
2023-05-24 15:37:50,48,B+R,0,False,False,False,W,-0.85,33.5263,16000
2023-05-24 15:38:19,73,B+0.5,10,False,False,False,,-0.85,33.6622,16000
2023-05-24 15:38:35,43,W+R,0,False,False,False,B,-0.85,33.3971,16000
2023-05-24 15:39:25,113,B+2.5,14,False,False,False,,-0.85,33.6473,16000
2023-05-24 15:39:56,82,B+R,0,False,False,False,W,-0.85,33.7335,16000
2023-05-24 15:40:28,87,W+R,9,False,False,False,B,-0.85,33.7971,16000
2023-05-24 15:41:01,89,W+R,2,False,False,False,B,-0.85,33.8085,16000
2023-05-24 15:41:26,68,B+R,0,False,False,False,W,-0.85,33.7489,16000
2023-05-24 15:41:50,64,B+R,5,False,False,False,W,-0.85,33.7131,16000
2023-05-24 15:42:38,159,W+R,33,False,False,False,B,-0.85,33.7398,16000
2023-05-24 15:43:19,91,W+R,7,False,False,False,B,-0.85,33.8442,16000
2023-05-24 15:43:52,74,B+R,1,False,False,False,W,-0.85,33.6895,16000
2023-05-24 15:44:18,64,B+R,0,False,False,False,W,-0.85,33.5883,16000
2023-05-24 15:44:43,85,W+R,5,False,False,False,B,-0.85,33.5897,16000
2023-05-24 15:44:58,62,B+R,1,False,False,False,W,-0.85,33.5327,16000
2023-05-24 15:45:18,80,B+5.5,5,True,True,False,W,-0.85,33.5431,16000
2023-05-24 15:46:03,149,W+R,29,False,False,False,B,-0.85,33.5637,16000
2023-05-24 15:46:39,100,B+1.5,10,True,True,False,W,-0.85,33.5994,16000
2023-05-24 15:47:14,89,W+R,4,False,False,False,B,-0.85,33.5862,16000
2023-05-24 15:47:51,92,B+R,11,False,False,False,W,-0.85,33.6073,16000
2023-05-24 15:48:24,98,B+R,9,False,False,False,W,-0.85,33.6039,16000
2023-05-24 15:48:54,73,W+R,1,False,False,False,B,-0.85,33.7011,16000
2023-05-24 15:49:23,76,B+R,0,False,False,False,W,-0.85,33.5991,16000
2023-05-24 15:49:52,72,B+R,1,False,False,False,W,-0.85,33.5975,16000
2023-05-24 15:50:28,89,B+0.5,7,False,False,False,,-0.85,33.6316,16000
2023-05-24 15:50:54,66,B+R,1,False,False,False,W,-0.85,33.411,16000
2023-05-24 15:51:29,86,B+R,4,False,False,False,W,-0.85,33.3158,16000
2023-05-24 15:52:03,83,W+R,4,False,False,False,B,-0.85,33.2451,16000
2023-05-24 15:52:26,78,B+R,5,False,False,False,W,-0.85,33.2101,16000
2023-05-24 15:52:42,40,B+R,0,False,False,False,W,-0.85,33.1007,16000
2023-05-24 15:53:08,66,B+R,0,False,False,False,W,-0.85,33.0698,16000
2023-05-24 15:53:46,91,W+R,11,False,False,False,B,-0.85,32.9777,16000
2023-05-24 15:54:25,88,W+0.5,12,False,False,False,,-0.85,33.1822,16000
2023-05-24 15:54:55,87,W+R,7,False,False,False,B,-0.85,33.1266,16000
2023-05-24 15:55:38,107,W+3.5,22,True,True,False,B,-0.85,33.2793,16000
2023-05-24 15:55:57,49,W+R,1,False,False,False,B,-0.85,33.1584,16000
2023-05-24 15:56:10,36,B+R,0,False,False,False,W,-0.85,32.9869,16000
2023-05-24 15:56:42,81,W+R,1,False,False,False,B,-0.85,32.9059,16000
2023-05-24 15:56:58,58,B+R,3,False,False,False,W,-0.85,32.8674,16000
2023-05-24 15:57:33,84,W+2.5,6,False,False,False,,-0.85,32.8677,16000
2023-05-24 15:58:06,91,W+R,9,False,False,False,B,-0.85,32.9175,16000
2023-05-24 15:58:45,161,W+R,27,False,False,False,B,-0.85,33.0493,16000
2023-05-24 16:01:05,96,B+R,5,False,False,False,W,-0.85,33.1836,17000
2023-05-24 16:01:36,88,B+R,2,False,False,False,W,-0.85,33.1847,17000
2023-05-24 16:02:29,133,W+1.5,30,True,True,False,B,-0.85,33.353,17000
2023-05-24 16:02:56,67,W+R,0,False,False,False,B,-0.85,33.2363,17000
2023-05-24 16:03:28,76,B+R,2,False,False,False,W,-0.85,33.2065,17000
2023-05-24 16:03:54,72,B+R,0,False,False,False,W,-0.85,33.0348,17000
2023-05-24 16:04:32,87,W+R,5,False,False,False,B,-0.85,33.0977,17000
2023-05-24 16:04:56,70,B+R,4,False,False,False,W,-0.85,33.0288,17000
2023-05-24 16:05:24,70,B+R,0,False,False,False,W,-0.85,32.8206,17000
2023-05-24 16:06:13,109,B+0.5,14,True,True,False,W,-0.85,32.9694,17000
2023-05-24 16:07:00,115,W+R,15,False,False,False,B,-0.85,33.0251,17000
2023-05-24 16:07:37,93,W+R,10,False,False,False,B,-0.85,33.0846,17000
2023-05-24 16:08:07,84,B+R,1,False,False,False,W,-0.85,33.0156,17000
2023-05-24 16:08:45,91,W+R,6,False,False,False,B,-0.85,33.1195,17000
2023-05-24 16:09:09,62,B+R,0,False,False,False,W,-0.85,33.0668,17000
2023-05-24 16:09:32,64,B+R,0,False,False,False,W,-0.85,32.8361,17000
2023-05-24 16:10:11,106,B+R,18,False,False,False,W,-0.85,32.9185,17000
2023-05-24 16:10:31,62,B+R,0,False,False,False,W,-0.85,32.8406,17000
2023-05-24 16:10:50,66,B+R,0,False,False,False,W,-0.85,32.617,17000
2023-05-24 16:11:17,89,W+R,9,False,False,False,B,-0.85,32.5539,17000
2023-05-24 16:11:52,93,W+R,3,False,False,False,B,-0.85,32.5524,17000
2023-05-24 16:12:41,159,W+R,25,False,False,False,B,-0.85,32.6649,17000
2023-05-24 16:13:12,100,B+R,2,False,False,False,W,-0.85,32.6435,17000
2023-05-24 16:13:44,81,W+R,8,False,False,False,B,-0.85,32.6528,17000
2023-05-24 16:14:20,82,B+R,4,False,False,False,W,-0.85,32.783,17000
2023-05-24 16:14:43,62,B+R,0,False,False,False,W,-0.85,32.4819,17000
2023-05-24 16:15:22,89,B+4.5,8,True,True,False,W,-0.85,32.4993,17000
2023-05-24 16:15:51,76,B+R,1,False,False,False,W,-0.85,32.3982,17000
2023-05-24 16:16:15,58,B+R,0,False,False,False,W,-0.85,32.3307,17000
2023-05-24 16:16:45,64,B+R,2,False,False,False,W,-0.85,32.4396,17000
2023-05-24 16:17:17,87,W+R,2,False,False,False,B,-0.85,32.439,17000
2023-05-24 16:17:53,87,W+R,11,False,False,False,B,-0.85,32.3723,17000
2023-05-24 16:18:19,70,B+R,0,False,False,False,W,-0.85,32.1826,17000
2023-05-24 16:19:08,123,W+1.5,28,True,True,False,B,-0.85,32.2878,17000
2023-05-24 16:19:49,94,B+R,2,False,False,False,W,-0.85,32.4432,17000
2023-05-24 16:20:08,48,B+R,0,False,False,False,W,-0.85,32.1623,17000
2023-05-24 16:20:37,77,W+R,2,False,False,False,B,-0.85,32.1263,17000
2023-05-24 16:21:12,88,B+R,2,False,False,False,W,-0.85,32.1972,17000
2023-05-24 16:22:00,132,B+R,13,False,False,False,W,-0.85,32.3331,17000
2023-05-24 16:22:53,162,W+16.5,31,False,False,False,,-0.85,32.4156,17000
2023-05-24 16:23:39,111,W+R,12,False,False,False,B,-0.85,32.5793,17000
2023-05-24 16:23:54,54,B+R,2,False,False,False,W,-0.85,32.3833,17000
2023-05-24 16:24:32,89,W+R,6,False,False,False,B,-0.85,32.5577,17000
2023-05-24 16:25:20,109,W+0.5,22,True,True,False,B,-0.85,32.4952,17000
2023-05-24 16:25:51,86,B+R,11,False,False,False,W,-0.85,32.5279,17000
2023-05-24 16:27:54,74,B+R,2,False,False,False,W,-0.85,32.3677,18000
2023-05-24 16:28:31,87,W+R,1,False,False,False,B,-0.85,32.235,18000
2023-05-24 16:29:01,82,B+R,0,False,False,False,W,-0.85,32.2842,18000
2023-05-24 16:29:45,109,W+R,11,False,False,False,B,-0.85,32.409,18000
2023-05-24 16:30:16,89,W+R,5,False,False,False,B,-0.85,32.3071,18000
2023-05-24 16:30:47,83,W+R,4,False,False,False,B,-0.85,32.087,18000
2023-05-24 16:31:24,94,B+R,8,False,False,False,W,-0.85,32.1163,18000
2023-05-24 16:32:15,145,W+0.5,31,True,True,False,B,-0.85,32.2692,18000
2023-05-24 16:32:32,48,B+R,0,False,False,False,W,-0.85,32.2461,18000
2023-05-24 16:33:06,89,W+R,3,False,False,False,B,-0.85,32.2503,18000
2023-05-24 16:33:29,68,B+R,0,False,False,False,W,-0.85,32.2456,18000
2023-05-24 16:33:59,89,W+R,7,False,False,False,B,-0.85,32.3794,18000
2023-05-24 16:34:32,79,W+R,3,False,False,False,B,-0.85,32.4217,18000
2023-05-24 16:35:27,124,B+R,14,False,False,False,W,-0.85,32.8073,18000
2023-05-24 16:36:15,121,W+4.5,19,True,True,False,B,-0.85,32.7887,18000
2023-05-24 16:36:37,55,B+0.5,4,False,False,False,,-0.85,32.6915,18000
2023-05-24 16:37:06,83,W+R,7,False,False,False,B,-0.85,32.6665,18000
2023-05-24 16:37:29,68,B+R,2,False,False,False,W,-0.85,32.5728,18000
2023-05-24 16:37:50,56,B+R,0,False,False,False,W,-0.85,32.5217,18000
2023-05-24 16:38:26,96,B+R,7,False,False,False,W,-0.85,32.6539,18000
2023-05-24 16:39:12,120,B+R,16,False,False,False,W,-0.85,32.6327,18000
2023-05-24 16:39:41,90,B+R,5,False,False,False,W,-0.85,32.505,18000
2023-05-24 16:40:19,93,W+R,5,False,False,False,B,-0.85,32.5635,18000
2023-05-24 16:40:58,101,W+R,5,False,False,False,B,-0.85,32.6916,18000
2023-05-24 16:41:26,71,W+R,2,False,False,False,B,-0.85,32.7242,18000
2023-05-24 16:42:12,100,B+R,4,False,False,False,W,-0.85,33.0247,18000
2023-05-24 16:42:37,62,B+R,0,False,False,False,W,-0.85,33.0795,18000
2023-05-24 16:43:08,82,B+R,1,False,False,False,W,-0.85,32.9372,18000
2023-05-24 16:43:29,58,B+R,2,False,False,False,W,-0.85,32.7836,18000
2023-05-24 16:43:54,87,B+0.5,6,True,False,False,,-0.85,32.6828,18000
2023-05-24 16:44:20,84,B+R,9,False,False,False,W,-0.85,32.577,18000
2023-05-24 16:45:00,119,B+1.5,18,True,True,False,W,-0.85,32.6511,18000
2023-05-24 16:45:23,71,W+R,0,False,False,False,B,-0.85,32.5858,18000
2023-05-24 16:46:12,116,B+R,10,False,False,False,W,-0.85,32.7707,18000
2023-05-24 16:46:56,161,W+R,32,False,False,False,B,-0.85,32.9317,18000
2023-05-24 16:47:30,90,B+R,6,False,False,False,W,-0.85,32.9161,18000
2023-05-24 16:47:52,59,W+R,0,False,False,False,B,-0.85,32.868,18000
2023-05-24 16:48:22,84,B+R,2,False,False,False,W,-0.85,32.8214,18000
2023-05-24 16:49:06,115,W+R,8,False,False,False,B,-0.85,32.9218,18000
2023-05-24 16:49:41,97,W+R,10,False,False,False,B,-0.85,33.0331,18000
2023-05-24 16:50:09,79,W+R,3,False,False,False,B,-0.85,33.1614,18000
2023-05-24 16:50:42,83,W+R,6,False,False,False,B,-0.85,33.2302,18000
2023-05-24 16:51:19,90,B+R,7,False,False,False,W,-0.85,33.2142,18000
2023-05-24 16:53:19,80,B+R,5,False,False,False,W,-0.85,33.1466,19000
2023-05-24 16:53:46,55,B+0.5,4,False,False,False,,-0.85,32.9748,19000
2023-05-24 16:54:19,75,W+R,1,False,False,False,B,-0.85,33.128,19000
2023-05-24 16:54:50,71,W+R,1,False,False,False,B,-0.85,33.3057,19000
2023-05-24 16:55:08,57,W+R,0,False,False,False,B,-0.85,33.1668,19000
2023-05-24 16:55:41,76,B+R,1,False,False,False,W,-0.85,33.3291,19000
2023-05-24 16:56:39,162,W+13.5,21,True,True,False,B,-0.85,33.5604,19000
2023-05-24 16:57:13,76,B+R,1,False,False,False,W,-0.85,33.5692,19000
2023-05-24 16:57:37,59,W+R,1,False,False,False,B,-0.85,33.4267,19000
2023-05-24 16:58:21,105,B+2.5,11,True,True,False,W,-0.85,33.5229,19000
2023-05-24 16:58:48,76,B+R,2,False,False,False,W,-0.85,33.426,19000
2023-05-24 16:59:02,54,B+R,0,False,False,False,W,-0.85,33.2532,19000
2023-05-24 16:59:35,115,W+R,5,False,False,False,B,-0.85,33.0524,19000
2023-05-24 17:00:14,97,B+1.5,11,False,False,False,,-0.85,33.1739,19000
2023-05-24 17:00:54,97,W+R,10,False,False,False,B,-0.85,33.2549,19000
2023-05-24 17:01:48,161,W+R,38,False,False,False,B,-0.85,33.5324,19000
2023-05-24 17:02:24,95,W+0.5,14,True,True,False,B,-0.85,33.5204,19000
2023-05-24 17:02:51,68,B+R,0,False,False,False,W,-0.85,33.5386,19000
2023-05-24 17:03:12,58,B+R,0,False,False,False,W,-0.85,33.4741,19000
2023-05-24 17:03:50,94,B+R,11,False,False,False,W,-0.85,33.3635,19000
2023-05-24 17:04:05,46,B+R,1,False,False,False,W,-0.85,33.0493,19000
2023-05-24 17:04:37,83,W+R,4,False,False,False,B,-0.85,32.992,19000
2023-05-24 17:05:15,92,B+R,5,False,False,False,W,-0.85,33.0759,19000
2023-05-24 17:05:49,81,W+R,1,False,False,False,B,-0.85,33.025,19000
2023-05-24 17:06:15,70,B+R,0,False,False,False,W,-0.85,33.0496,19000
2023-05-24 17:06:52,90,W+0.5,7,False,False,False,,-0.85,33.1958,19000
2023-05-24 17:07:08,40,B+R,0,False,False,False,W,-0.85,32.9571,19000
2023-05-24 17:07:26,48,B+R,0,False,False,False,W,-0.85,32.942,19000
2023-05-24 17:07:54,77,B+3.5,3,False,False,False,,-0.85,33.0274,19000
2023-05-24 17:08:34,94,B+R,6,False,False,False,W,-0.85,33.1604,19000
2023-05-24 17:09:01,64,B+R,2,False,False,False,W,-0.85,33.0823,19000
2023-05-24 17:09:49,97,W+R,10,False,False,False,B,-0.85,33.0817,19000
2023-05-24 17:10:19,72,B+R,0,False,False,False,W,-0.85,33.0592,19000
2023-05-24 17:10:56,95,W+R,10,False,False,False,B,-0.85,33.1113,19000
2023-05-24 17:11:28,87,W+R,10,False,False,False,B,-0.85,33.0767,19000
2023-05-24 17:11:48,48,B+R,0,False,False,False,W,-0.85,33.0359,19000
2023-05-24 17:12:08,58,B+R,0,False,False,False,W,-0.85,32.8436,19000
2023-05-24 17:12:33,66,B+R,5,False,False,False,W,-0.85,32.8119,19000
2023-05-24 17:13:06,85,W+R,6,False,False,False,B,-0.85,32.8982,19000
2023-05-24 17:13:47,97,W+R,5,False,False,False,B,-0.85,33.0126,19000
2023-05-24 17:14:15,75,W+R,1,False,False,False,B,-0.85,32.9686,19000
2023-05-24 17:14:28,48,B+R,0,False,False,False,W,-0.85,32.7389,19000
2023-05-24 17:14:41,48,B+R,0,False,False,False,W,-0.85,32.6095,19000
2023-05-24 17:15:06,69,W+R,0,False,False,False,B,-0.85,32.3784,19000
2023-05-24 17:15:31,57,W+R,1,False,False,False,B,-0.85,32.2106,19000
2023-05-24 17:17:53,70,B+R,1,False,False,False,W,-0.85,32.4073,20000
2023-05-24 17:18:28,98,B+R,14,False,False,False,W,-0.85,32.4127,20000
2023-05-24 17:18:48,53,W+R,1,False,False,False,B,-0.85,32.1271,20000
2023-05-24 17:19:21,92,B+R,9,False,False,False,W,-0.85,31.9275,20000
2023-05-24 17:20:04,134,W+0.5,33,True,True,False,B,-0.85,31.9016,20000
2023-05-24 17:20:28,75,W+R,2,False,False,False,B,-0.85,31.9932,20000
2023-05-24 17:20:51,66,B+R,0,False,False,False,W,-0.85,31.8422,20000
2023-05-24 17:21:19,72,B+R,6,False,False,False,W,-0.85,31.6432,20000
2023-05-24 17:22:06,161,W+R,33,False,False,False,B,-0.85,31.8005,20000
2023-05-24 17:22:53,122,B+R,17,False,False,False,W,-0.85,31.9489,20000
2023-05-24 17:23:17,76,B+R,1,False,False,False,W,-0.85,31.8999,20000
2023-05-24 17:23:46,70,B+R,1,False,False,False,W,-0.85,31.8247,20000
2023-05-24 17:24:16,77,W+R,4,False,False,False,B,-0.85,31.8208,20000
2023-05-24 17:24:46,81,W+R,5,False,False,False,B,-0.85,31.6834,20000
2023-05-24 17:25:08,72,B+R,0,False,False,False,W,-0.85,31.5859,20000
2023-05-24 17:25:35,83,B+1.5,5,False,False,False,,-0.85,31.5556,20000
2023-05-24 17:25:57,84,B+1.5,8,False,False,False,,-0.85,31.4022,20000
2023-05-24 17:26:34,161,W+R,37,False,False,False,B,-0.85,31.2547,20000
2023-05-24 17:27:09,82,B+R,2,False,False,False,W,-0.85,31.4392,20000
2023-05-24 17:27:32,65,W+R,1,False,False,False,B,-0.85,31.322,20000
2023-05-24 17:28:01,90,B+0.5,9,True,True,False,W,-0.85,31.3879,20000
2023-05-24 17:28:33,97,W+R,2,False,False,False,B,-0.85,31.4107,20000
2023-05-24 17:29:02,78,B+R,3,False,False,False,W,-0.85,31.372,20000
2023-05-24 17:29:46,105,W+R,8,False,False,False,B,-0.85,31.2622,20000
2023-05-24 17:30:32,109,W+0.5,19,False,False,False,,-0.85,31.2425,20000
2023-05-24 17:31:10,90,B+R,8,False,False,False,W,-0.85,31.4025,20000
2023-05-24 17:31:45,80,B+R,4,False,False,False,W,-0.85,31.4615,20000
2023-05-24 17:32:20,85,W+R,5,False,False,False,B,-0.85,31.5762,20000
2023-05-24 17:32:57,82,B+1.5,3,True,True,False,W,-0.85,31.7482,20000
2023-05-24 17:33:24,66,B+R,0,False,False,False,W,-0.85,31.6432,20000
2023-05-24 17:34:03,105,W+R,6,False,False,False,B,-0.85,31.5773,20000
2023-05-24 17:34:28,78,B+R,6,False,False,False,W,-0.85,31.545,20000
2023-05-24 17:34:41,38,B+R,0,False,False,False,W,-0.85,31.2856,20000
2023-05-24 17:35:04,62,B+R,0,False,False,False,W,-0.85,31.128,20000
2023-05-24 17:35:36,81,W+R,4,False,False,False,B,-0.85,31.1667,20000
2023-05-24 17:36:05,83,W+R,7,False,False,False,B,-0.85,31.0036,20000
2023-05-24 17:36:30,64,B+R,3,False,False,False,W,-0.85,31.0052,20000
2023-05-24 17:37:06,85,W+R,4,False,False,False,B,-0.85,31.0453,20000
2023-05-24 17:37:42,86,W+2.5,9,False,False,False,,-0.85,31.2038,20000
2023-05-24 17:38:06,64,B+R,0,False,False,False,W,-0.85,31.1969,20000
2023-05-24 17:38:26,52,B+R,0,False,False,False,W,-0.85,31.1384,20000
2023-05-24 17:38:58,82,B+R,10,False,False,False,W,-0.85,31.0471,20000
2023-05-24 17:39:28,79,W+R,5,False,False,False,B,-0.85,31.1173,20000
2023-05-24 17:39:56,71,W+R,1,False,False,False,B,-0.85,30.9148,20000
2023-05-24 17:40:24,87,W+R,7,False,False,False,B,-0.85,30.7462,20000
2023-05-24 17:40:47,72,B+R,4,False,False,False,W,-0.85,30.6381,20000
2023-05-24 17:42:47,80,B+R,3,False,False,False,W,-0.85,30.6062,21000
2023-05-24 17:43:15,70,B+R,3,False,False,False,W,-0.85,30.4451,21000
2023-05-24 17:43:31,45,W+R,0,False,False,False,B,-0.85,30.2638,21000
2023-05-24 17:43:56,73,W+R,3,False,False,False,B,-0.85,30.2281,21000
2023-05-24 17:44:34,84,W+0.5,9,False,False,False,,-0.85,30.2765,21000
2023-05-24 17:44:48,34,B+R,0,False,False,False,W,-0.85,30.0574,21000
2023-05-24 17:45:13,67,W+R,5,False,False,False,B,-0.85,30.0066,21000
2023-05-24 17:46:04,118,B+5.5,13,True,True,False,W,-0.85,30.1974,21000
2023-05-24 17:46:35,73,W+R,2,False,False,False,B,-0.85,30.2418,21000
2023-05-24 17:47:07,80,B+R,2,False,False,False,W,-0.85,30.2295,21000
2023-05-24 17:47:34,72,B+R,3,False,False,False,W,-0.85,30.1831,21000
2023-05-24 17:47:58,73,W+R,4,False,False,False,B,-0.85,30.2442,21000
2023-05-24 17:48:12,48,B+R,0,False,False,False,W,-0.85,30.0629,21000
2023-05-24 17:48:54,96,B+R,6,False,False,False,W,-0.85,29.9005,21000
2023-05-24 17:49:24,79,W+R,6,False,False,False,B,-0.85,29.8675,21000
2023-05-24 17:49:45,58,B+R,0,False,False,False,W,-0.85,29.825,21000
2023-05-24 17:50:09,62,B+R,0,False,False,False,W,-0.85,29.6332,21000
2023-05-24 17:50:45,89,W+R,1,False,False,False,B,-0.85,29.7198,21000
2023-05-24 17:51:16,86,B+R,0,False,False,False,W,-0.85,29.8917,21000
2023-05-24 17:51:53,101,W+R,7,False,False,False,B,-0.85,29.9363,21000
2023-05-24 17:52:13,53,W+R,1,False,False,False,B,-0.85,29.7317,21000
2023-05-24 17:52:34,68,B+R,0,False,False,False,W,-0.85,29.5499,21000
2023-05-24 17:53:09,88,B+R,5,False,False,False,W,-0.85,29.3639,21000
2023-05-24 17:53:40,76,B+R,1,False,False,False,W,-0.85,29.305,21000
2023-05-24 17:54:18,92,B+R,5,False,False,False,W,-0.85,29.4202,21000
2023-05-24 17:54:43,73,W+R,3,False,False,False,B,-0.85,29.4638,21000
2023-05-24 17:55:17,85,B+3.5,4,False,False,False,,-0.85,29.4239,21000
2023-05-24 17:55:54,81,W+R,0,False,False,False,B,-0.85,29.6324,21000
2023-05-24 17:56:22,67,W+R,0,False,False,False,B,-0.85,29.6008,21000
2023-05-24 17:56:48,67,W+R,2,False,False,False,B,-0.85,29.4799,21000
2023-05-24 17:57:08,56,B+R,0,False,False,False,W,-0.85,29.3417,21000
2023-05-24 17:57:41,90,B+R,0,False,False,False,W,-0.85,29.4083,21000
2023-05-24 17:58:23,95,W+R,3,False,False,False,B,-0.85,29.4567,21000
2023-05-24 17:59:15,155,W+R,36,False,False,False,B,-0.85,29.8181,21000
2023-05-24 17:59:44,87,W+R,1,False,False,False,B,-0.85,29.9293,21000
2023-05-24 18:00:21,99,W+R,3,False,False,False,B,-0.85,30.0244,21000
2023-05-24 18:00:44,85,W+R,0,False,False,False,B,-0.85,29.8523,21000
2023-05-24 18:01:36,162,B+3.5,14,True,True,False,W,-0.85,30.0969,21000
2023-05-24 18:01:59,58,B+R,0,False,False,False,W,-0.85,29.8417,21000
2023-05-24 18:02:40,99,W+R,7,False,False,False,B,-0.85,29.962,21000
2023-05-24 18:03:29,110,B+7.5,14,True,True,False,W,-0.85,30.0771,21000
2023-05-24 18:04:09,93,W+R,3,False,False,False,B,-0.85,30.1602,21000
2023-05-24 18:04:51,102,B+R,5,False,False,False,W,-0.85,30.3861,21000
2023-05-24 18:05:34,96,B+R,9,False,False,False,W,-0.85,30.6179,21000
2023-05-24 18:06:03,77,B+1.5,6,False,False,False,,-0.85,30.6558,21000
2023-05-24 18:06:41,90,B+R,6,False,False,False,W,-0.85,30.704,21000
2023-05-24 18:08:40,91,W+R,10,False,False,False,B,-0.85,30.5634,22000
2023-05-24 18:09:07,74,B+R,7,False,False,False,W,-0.85,30.7084,22000
2023-05-24 18:09:55,123,W+R,16,False,False,False,B,-0.85,31.0625,22000
2023-05-24 18:10:19,62,B+R,0,False,False,False,W,-0.85,31.0406,22000
2023-05-24 18:11:13,143,W+0.5,31,True,True,False,B,-0.85,31.3379,22000
2023-05-24 18:11:41,80,B+R,4,False,False,False,W,-0.85,31.2063,22000
2023-05-24 18:12:10,79,W+R,7,False,False,False,B,-0.85,31.226,22000
2023-05-24 18:12:36,77,B+2.5,8,False,False,False,,-0.85,31.1377,22000
2023-05-24 18:12:57,58,B+R,0,False,False,False,W,-0.85,31.1505,22000
2023-05-24 18:13:19,63,W+R,3,False,False,False,B,-0.85,31.0392,22000
2023-05-24 18:14:01,100,B+R,6,False,False,False,W,-0.85,31.0288,22000
2023-05-24 18:14:19,62,B+R,0,False,False,False,W,-0.85,30.9744,22000
2023-05-24 18:14:53,87,W+R,5,False,False,False,B,-0.85,31.0758,22000
2023-05-24 18:15:12,54,B+R,0,False,False,False,W,-0.85,30.9935,22000
2023-05-24 18:15:49,105,B+2.5,11,True,True,False,W,-0.85,30.8901,22000
2023-05-24 18:16:09,56,B+R,0,False,False,False,W,-0.85,30.6216,22000
2023-05-24 18:16:23,54,B+R,2,False,False,False,W,-0.85,30.521,22000
2023-05-24 18:16:42,52,B+R,0,False,False,False,W,-0.85,30.4135,22000
2023-05-24 18:17:18,90,B+R,7,False,False,False,W,-0.85,30.4719,22000
2023-05-24 18:17:34,46,B+R,2,False,False,False,W,-0.85,30.3348,22000
2023-05-24 18:18:12,90,B+R,7,False,False,False,W,-0.85,30.4977,22000
2023-05-24 18:18:40,76,B+R,0,False,False,False,W,-0.85,30.5084,22000
2023-05-24 18:19:24,162,W+8.5,26,True,True,False,B,-0.85,30.7223,22000
2023-05-24 18:20:04,105,W+R,12,False,False,False,B,-0.85,30.7596,22000
2023-05-24 18:20:40,89,W+R,6,False,False,False,B,-0.85,30.7663,22000
2023-05-24 18:21:04,62,B+R,2,False,False,False,W,-0.85,30.7829,22000
2023-05-24 18:21:41,91,W+R,9,False,False,False,B,-0.85,30.8541,22000
2023-05-24 18:22:20,103,W+0.5,15,True,True,True,W,-0.85,30.9208,22000
2023-05-24 18:22:50,77,W+R,5,False,False,False,B,-0.85,30.9346,22000
2023-05-24 18:23:20,81,W+R,8,False,False,False,B,-0.85,30.8042,22000
2023-05-24 18:23:46,66,B+R,1,False,False,False,W,-0.85,30.5954,22000
2023-05-24 18:24:11,77,W+R,2,False,False,False,B,-0.85,30.4721,22000
2023-05-24 18:24:33,90,B+R,0,False,False,False,W,-0.85,30.3374,22000
2023-05-24 18:25:41,162,W+10.5,42,True,True,False,B,-0.85,30.6683,22000
2023-05-24 18:26:19,93,W+R,6,False,False,False,B,-0.85,30.6742,22000
2023-05-24 18:26:50,85,W+R,5,False,False,False,B,-0.85,30.7239,22000
2023-05-24 18:27:31,97,W+R,2,False,False,False,B,-0.85,30.7376,22000
2023-05-24 18:28:19,120,B+1.5,16,True,True,False,W,-0.85,30.9663,22000
2023-05-24 18:28:48,83,W+R,1,False,False,False,B,-0.85,31.1303,22000
2023-05-24 18:29:08,54,B+R,0,False,False,False,W,-0.85,31.096,22000
2023-05-24 18:29:32,64,B+R,5,False,False,False,W,-0.85,31.0137,22000
2023-05-24 18:30:08,91,W+R,9,False,False,False,B,-0.85,31.0865,22000
2023-05-24 18:30:41,84,B+R,0,False,False,False,W,-0.85,31.1681,22000
2023-05-24 18:31:09,77,W+R,5,False,False,False,B,-0.85,31.0907,22000
2023-05-24 18:32:55,55,W+R,0,False,False,False,B,-0.85,30.9555,23000
2023-05-24 18:33:11,50,B+R,0,False,False,False,W,-0.85,30.9242,23000
2023-05-24 18:33:44,87,W+R,0,False,False,False,B,-0.85,30.9353,23000
2023-05-24 18:34:06,64,B+R,3,False,False,False,W,-0.85,30.8532,23000
2023-05-24 18:34:46,93,W+R,8,False,False,False,B,-0.85,30.9722,23000
2023-05-24 18:35:07,54,B+R,0,False,False,False,W,-0.85,30.9075,23000
2023-05-24 18:35:42,90,B+R,4,False,False,False,W,-0.85,31.0264,23000
2023-05-24 18:36:05,62,B+R,2,False,False,False,W,-0.85,31.0318,23000
2023-05-24 18:36:27,76,B+R,0,False,False,False,W,-0.85,30.9844,23000
2023-05-24 18:36:44,46,B+R,0,False,False,False,W,-0.85,30.8783,23000
2023-05-24 18:37:14,78,B+R,0,False,False,False,W,-0.85,31.0158,23000
2023-05-24 18:37:42,72,B+R,1,False,False,False,W,-0.85,31.0454,23000
2023-05-24 18:38:23,95,W+R,8,False,False,False,B,-0.85,31.0764,23000
2023-05-24 18:38:46,60,B+R,0,False,False,False,W,-0.85,31.1639,23000
2023-05-24 18:39:22,91,W+R,7,False,False,False,B,-0.85,31.2666,23000
2023-05-24 18:39:59,84,B+R,3,False,False,False,W,-0.85,31.1347,23000
2023-05-24 18:40:31,75,W+R,0,False,False,False,B,-0.85,31.1429,23000
2023-05-24 18:41:19,162,W+9.5,35,True,True,False,B,-0.85,31.3,23000
2023-05-24 18:41:51,85,W+R,3,False,False,False,B,-0.85,31.3596,23000
2023-05-24 18:42:28,99,W+R,5,False,False,False,B,-0.85,31.4911,23000
2023-05-24 18:42:55,80,B+R,1,False,False,False,W,-0.85,31.608,23000
2023-05-24 18:43:23,80,B+R,0,False,False,False,W,-0.85,31.4707,23000
2023-05-24 18:43:48,66,B+R,0,False,False,False,W,-0.85,31.417,23000
2023-05-24 18:44:07,66,B+R,1,False,False,False,W,-0.85,31.407,23000
2023-05-24 18:44:44,155,W+R,31,False,False,False,B,-0.85,31.5361,23000
2023-05-24 18:45:21,96,B+R,17,False,False,False,W,-0.85,31.5473,23000
2023-05-24 18:45:49,77,W+R,6,False,False,False,B,-0.85,31.5144,23000
2023-05-24 18:46:02,48,B+R,0,False,False,False,W,-0.85,31.2719,23000
2023-05-24 18:46:26,62,B+R,0,False,False,False,W,-0.85,31.32,23000
2023-05-24 18:46:50,58,B+R,0,False,False,False,W,-0.85,31.3459,23000
2023-05-24 18:47:33,116,B+R,10,False,False,False,W,-0.85,31.4159,23000
2023-05-24 18:48:21,117,W+R,15,False,False,False,B,-0.85,31.5922,23000
2023-05-24 18:48:50,72,B+R,1,False,False,False,W,-0.85,31.5003,23000
2023-05-24 18:49:18,79,W+R,4,False,False,False,B,-0.85,31.5301,23000
2023-05-24 18:49:38,67,W+R,1,False,False,False,B,-0.85,31.3883,23000
2023-05-24 18:50:04,75,W+R,6,False,False,False,B,-0.85,31.2817,23000
2023-05-24 18:50:39,84,B+R,1,False,False,False,W,-0.85,31.3494,23000
2023-05-24 18:51:22,114,B+R,12,False,False,False,W,-0.85,31.5169,23000
2023-05-24 18:51:48,70,B+R,2,False,False,False,W,-0.85,31.5846,23000
2023-05-24 18:52:17,65,W+R,5,False,False,False,B,-0.85,31.5453,23000
2023-05-24 18:52:38,60,B+R,0,False,False,False,W,-0.85,31.3377,23000
2023-05-24 18:53:03,61,W+R,0,False,False,False,B,-0.85,31.0702,23000
2023-05-24 18:53:36,92,W+0.5,7,False,False,False,,-0.85,31.101,23000
2023-05-24 18:55:42,87,W+R,7,False,False,False,B,-0.85,31.1622,24000
2023-05-24 18:56:08,78,B+R,0,False,False,False,W,-0.85,30.9044,24000
2023-05-24 18:56:29,67,W+R,5,False,False,False,B,-0.85,30.8935,24000
2023-05-24 18:57:06,99,B+3.5,12,True,True,False,W,-0.85,30.8431,24000
2023-05-24 18:57:42,89,W+R,9,False,False,False,B,-0.85,30.7221,24000
2023-05-24 18:58:11,67,W+R,1,False,False,False,B,-0.85,30.6101,24000
2023-05-24 18:58:56,102,B+R,9,False,False,False,W,-0.85,30.6324,24000
2023-05-24 18:59:12,42,B+R,0,False,False,False,W,-0.85,30.3589,24000
2023-05-24 18:59:41,80,B+R,0,False,False,False,W,-0.85,30.3633,24000
2023-05-24 18:59:57,54,B+R,0,False,False,False,W,-0.85,30.1484,24000
2023-05-24 19:00:30,93,W+R,8,False,False,False,B,-0.85,30.2874,24000
2023-05-24 19:00:48,54,B+R,0,False,False,False,W,-0.85,30.0996,24000
2023-05-24 19:01:26,101,W+R,14,False,False,False,B,-0.85,30.2108,24000
2023-05-24 19:01:57,94,B+R,5,False,False,False,W,-0.85,30.0394,24000
2023-05-24 19:02:21,60,B+R,0,False,False,False,W,-0.85,30.0389,24000
2023-05-24 19:02:57,93,W+R,5,False,False,False,B,-0.85,29.8652,24000
2023-05-24 19:03:29,75,W+R,1,False,False,False,B,-0.85,29.8961,24000
2023-05-24 19:04:12,100,B+R,6,False,False,False,W,-0.85,30.0475,24000
2023-05-24 19:04:40,85,W+R,3,False,False,False,B,-0.85,30.0635,24000
2023-05-24 19:05:06,70,B+R,0,False,False,False,W,-0.85,30.1085,24000
2023-05-24 19:06:14,162,W+7.5,38,True,True,False,B,-0.85,30.5719,24000
2023-05-24 19:06:50,87,W+R,8,False,False,False,B,-0.85,30.5098,24000
2023-05-24 19:07:23,91,W+2.5,9,True,True,False,B,-0.85,30.6559,24000
2023-05-24 19:08:04,162,W+10.5,27,True,True,False,B,-0.85,30.732,24000
2023-05-24 19:08:40,105,W+R,12,False,False,False,B,-0.85,30.8922,24000
2023-05-24 19:08:55,58,B+R,0,False,False,False,W,-0.85,30.6812,24000
2023-05-24 19:09:20,66,B+R,0,False,False,False,W,-0.85,30.7322,24000
2023-05-24 19:09:49,79,W+R,4,False,False,False,B,-0.85,30.8715,24000
2023-05-24 19:10:56,147,W+R,23,False,False,False,B,-0.85,31.361,24000
2023-05-24 19:11:28,79,W+R,3,False,False,False,B,-0.85,31.3219,24000
2023-05-24 19:11:53,64,B+R,1,False,False,False,W,-0.85,31.407,24000
2023-05-24 19:12:18,69,W+R,4,False,False,False,B,-0.85,31.2838,24000
2023-05-24 19:13:05,117,B+2.5,9,True,True,False,W,-0.85,31.4708,24000
2023-05-24 19:13:33,63,W+R,3,False,False,False,B,-0.85,31.3064,24000
2023-05-24 19:14:23,138,B+R,26,False,False,False,W,-0.85,31.4081,24000
2023-05-24 19:15:08,107,B+3.5,7,True,False,False,,-0.85,31.4995,24000
2023-05-24 19:15:40,84,B+R,2,False,False,False,W,-0.85,31.5785,24000
2023-05-24 19:16:01,77,W+R,2,False,False,False,B,-0.85,31.4165,24000
2023-05-24 19:16:15,48,B+R,0,False,False,False,W,-0.85,31.1682,24000
2023-05-24 19:16:38,70,B+R,0,False,False,False,W,-0.85,31.0976,24000
2023-05-24 19:17:09,86,B+R,1,False,False,False,W,-0.85,31.1036,24000
2023-05-24 19:17:39,75,W+R,7,False,False,False,B,-0.85,31.1548,24000
2023-05-24 19:19:37,54,B+R,0,False,False,False,W,-0.85,31.1327,25000
2023-05-24 19:20:33,161,W+R,17,False,False,False,B,-0.85,31.0063,25000
2023-05-24 19:20:51,52,B+R,0,False,False,False,W,-0.85,30.8046,25000
2023-05-24 19:21:21,79,W+R,2,False,False,False,B,-0.85,30.7935,25000
2023-05-24 19:21:57,99,W+R,13,False,False,False,B,-0.85,30.7576,25000
2023-05-24 19:22:10,36,B+R,0,False,False,False,W,-0.85,30.4,25000
2023-05-24 19:22:50,105,W+R,10,False,False,False,B,-0.85,30.5144,25000
2023-05-24 19:23:15,76,B+R,8,False,False,False,W,-0.85,30.5628,25000
2023-05-24 19:23:45,74,B+R,0,False,False,False,W,-0.85,30.619,25000
2023-05-24 19:24:06,52,B+R,0,False,False,False,W,-0.85,30.4705,25000
2023-05-24 19:24:41,83,W+R,9,False,False,False,B,-0.85,30.4837,25000
2023-05-24 19:25:32,151,W+R,27,False,False,False,B,-0.85,30.7233,25000
2023-05-24 19:26:02,81,W+R,3,False,False,False,B,-0.85,30.7667,25000
2023-05-24 19:26:56,128,B+R,21,False,False,False,W,-0.85,31.0884,25000
2023-05-24 19:27:50,160,B+R,2,False,False,False,W,-0.85,31.4541,25000
2023-05-24 19:28:25,137,W+R,1,False,False,False,B,-0.85,31.486,25000
2023-05-24 19:29:15,132,B+2.5,22,True,True,False,W,-0.85,31.7632,25000
2023-05-24 19:29:30,38,B+R,0,False,False,False,W,-0.85,31.5139,25000
2023-05-24 19:30:05,93,W+R,9,False,False,False,B,-0.85,31.6496,25000
2023-05-24 19:30:34,76,B+R,2,False,False,False,W,-0.85,31.5897,25000
2023-05-24 19:31:28,130,B+9.5,17,True,True,False,W,-0.85,31.8992,25000
2023-05-24 19:32:06,162,W+3.5,26,True,True,True,W,-0.85,32.0591,25000
2023-05-24 19:32:44,99,W+1.5,16,True,True,False,B,-0.85,32.2714,25000
2023-05-24 19:33:15,81,W+R,1,False,False,False,B,-0.85,32.2828,25000
2023-05-24 19:34:11,161,W+R,37,False,False,False,B,-0.85,32.5581,25000
2023-05-24 19:34:30,50,B+R,0,False,False,False,W,-0.85,32.3461,25000
2023-05-24 19:34:50,52,B+R,0,False,False,False,W,-0.85,32.3049,25000
2023-05-24 19:35:11,56,B+R,1,False,False,False,W,-0.85,32.1661,25000
2023-05-24 19:35:35,61,W+R,2,False,False,False,B,-0.85,32.0305,25000
2023-05-24 19:36:09,89,W+R,8,False,False,False,B,-0.85,32.0557,25000
2023-05-24 19:36:24,42,B+R,0,False,False,False,W,-0.85,31.7238,25000
2023-05-24 19:37:11,131,W+1.5,17,True,True,False,B,-0.85,31.8669,25000
2023-05-24 19:37:40,85,W+R,5,False,False,False,B,-0.85,31.7895,25000
2023-05-24 19:37:56,42,B+R,0,False,False,False,W,-0.85,31.6813,25000
2023-05-24 19:38:32,87,W+R,3,False,False,False,B,-0.85,31.769,25000
2023-05-24 19:39:20,131,W+2.5,18,True,True,False,B,-0.85,31.9915,25000
2023-05-24 19:39:41,62,B+R,0,False,False,False,W,-0.85,32.0039,25000
2023-05-24 19:40:09,77,B+5.5,5,True,True,False,W,-0.85,31.9203,25000
2023-05-24 19:40:28,57,B+2.5,3,False,False,False,,-0.85,31.7384,25000
2023-05-24 19:42:52,86,B+R,0,False,False,False,W,-0.85,32.0283,26000
2023-05-24 19:43:08,46,B+R,0,False,False,False,W,-0.85,31.9458,26000
2023-05-24 19:43:34,70,B+R,2,False,False,False,W,-0.85,31.9689,26000
2023-05-24 19:44:03,71,W+R,3,False,False,False,B,-0.85,31.8373,26000
2023-05-24 19:44:39,90,B+R,11,False,False,False,W,-0.85,31.7122,26000
2023-05-24 19:45:13,81,W+R,6,False,False,False,B,-0.85,31.7682,26000
2023-05-24 19:45:42,90,B+R,3,False,False,False,W,-0.85,31.7759,26000
2023-05-24 19:46:13,85,B+1.5,5,True,False,False,,-0.85,31.8876,26000
2023-05-24 19:46:48,92,B+R,2,False,False,False,W,-0.85,31.9757,26000
2023-05-24 19:47:16,78,B+R,4,False,False,False,W,-0.85,31.9005,26000
2023-05-24 19:47:41,64,B+R,0,False,False,False,W,-0.85,31.7257,26000
2023-05-24 19:48:31,130,B+R,17,False,False,False,W,-0.85,31.9586,26000
2023-05-24 19:49:14,97,W+R,6,False,False,False,B,-0.85,32.1022,26000
2023-05-24 19:49:49,85,W+R,9,False,False,False,B,-0.85,32.2445,26000
2023-05-24 19:50:18,88,B+R,5,False,False,False,W,-0.85,32.278,26000
2023-05-24 19:50:41,70,B+R,2,False,False,False,W,-0.85,32.1894,26000
2023-05-24 19:50:50,32,B+R,0,False,False,False,W,-0.85,31.952,26000
2023-05-24 19:51:11,57,W+R,0,False,False,False,B,-0.85,31.8151,26000
2023-05-24 19:51:53,102,B+R,12,False,False,False,W,-0.85,31.9831,26000
2023-05-24 19:52:19,72,B+R,2,False,False,False,W,-0.85,32.0252,26000
2023-05-24 19:52:45,72,B+R,3,False,False,False,W,-0.85,31.9209,26000
2023-05-24 19:52:59,38,B+R,0,False,False,False,W,-0.85,31.6963,26000
2023-05-24 19:53:57,130,B+R,23,False,False,False,W,-0.85,31.9862,26000
2023-05-24 19:54:35,99,W+R,11,False,False,False,B,-0.85,31.9175,26000
2023-05-24 19:55:04,80,B+R,2,False,False,False,W,-0.85,32.0577,26000
2023-05-24 19:55:17,38,B+R,0,False,False,False,W,-0.85,31.8924,26000
2023-05-24 19:55:50,89,W+R,6,False,False,False,B,-0.85,32.0547,26000
2023-05-24 19:56:22,78,B+R,1,False,False,False,W,-0.85,32.0446,26000
2023-05-24 19:56:39,48,B+R,0,False,False,False,W,-0.85,32.0401,26000
2023-05-24 19:57:09,77,W+R,0,False,False,False,B,-0.85,31.9584,26000
2023-05-24 19:57:40,84,B+R,7,False,False,False,W,-0.85,31.9542,26000
2023-05-24 19:58:09,77,W+R,1,False,False,False,B,-0.85,32.0161,26000
2023-05-24 19:58:38,74,B+R,2,False,False,False,W,-0.85,31.9335,26000
2023-05-24 19:59:03,68,B+R,0,False,False,False,W,-0.85,31.865,26000
2023-05-24 19:59:20,46,B+R,0,False,False,False,W,-0.85,31.6098,26000
2023-05-24 19:59:45,79,W+R,2,False,False,False,B,-0.85,31.5822,26000
2023-05-24 20:00:15,86,B+R,4,False,False,False,W,-0.85,31.6147,26000
2023-05-24 20:00:37,56,B+R,0,False,False,False,W,-0.85,31.159,26000
2023-05-24 20:01:34,139,W+6.5,24,True,True,False,B,-0.85,31.3674,26000
2023-05-24 20:02:00,79,W+R,4,False,False,False,B,-0.85,31.2995,26000
2023-05-24 20:02:27,86,B+R,3,False,False,False,W,-0.85,31.1587,26000
2023-05-24 20:02:56,104,W+0.5,17,False,False,False,,-0.85,31.0939,26000
2023-05-24 20:04:58,79,W+R,1,False,False,False,B,-0.85,31.219,27000
2023-05-24 20:05:28,75,W+R,3,False,False,False,B,-0.85,31.2308,27000
2023-05-24 20:05:50,70,B+R,1,False,False,False,W,-0.85,30.7822,27000
2023-05-24 20:06:02,52,B+R,0,False,False,False,W,-0.85,30.5787,27000
2023-05-24 20:06:23,64,B+R,0,False,False,False,W,-0.85,30.5424,27000
2023-05-24 20:07:06,104,B+R,6,False,False,False,W,-0.85,30.721,27000
2023-05-24 20:07:34,77,W+R,0,False,False,False,B,-0.85,30.5226,27000
2023-05-24 20:08:02,91,W+R,4,False,False,False,B,-0.85,30.5317,27000
2023-05-24 20:09:00,161,W+R,30,False,False,False,B,-0.85,30.6057,27000
2023-05-24 20:09:50,157,W+R,33,False,False,False,B,-0.85,30.6603,27000
2023-05-24 20:10:09,54,B+R,0,False,False,False,W,-0.85,30.5283,27000
2023-05-24 20:10:33,75,W+R,1,False,False,False,B,-0.85,30.5646,27000
2023-05-24 20:10:43,36,B+R,0,False,False,False,W,-0.85,30.5178,27000
2023-05-24 20:10:53,39,W+R,0,False,False,False,B,-0.85,30.3887,27000
2023-05-24 20:11:15,74,B+R,2,False,False,False,W,-0.85,30.2961,27000
2023-05-24 20:12:15,158,B+R,28,False,False,False,W,-0.85,30.5931,27000
2023-05-24 20:12:30,44,B+R,0,False,False,False,W,-0.85,30.4937,27000
2023-05-24 20:12:44,39,W+R,0,False,False,False,B,-0.85,30.4378,27000
2023-05-24 20:13:03,58,B+R,0,False,False,False,W,-0.85,30.0715,27000
2023-05-24 20:13:30,82,B+R,0,False,False,False,W,-0.85,30.1644,27000
2023-05-24 20:13:46,46,B+R,0,False,False,False,W,-0.85,30.0208,27000
2023-05-24 20:14:20,88,B+R,3,False,False,False,W,-0.85,29.9904,27000
2023-05-24 20:14:40,65,W+R,3,False,False,False,B,-0.85,30.0685,27000
2023-05-24 20:15:07,76,B+R,4,False,False,False,W,-0.85,29.9339,27000
2023-05-24 20:15:35,82,B+R,1,False,False,False,W,-0.85,29.9708,27000
2023-05-24 20:16:26,147,W+0.5,25,True,True,False,B,-0.85,30.183,27000
2023-05-24 20:16:43,61,W+R,2,False,False,False,B,-0.85,30.1293,27000
2023-05-24 20:17:21,108,B+R,7,False,False,False,W,-0.85,30.1737,27000
2023-05-24 20:17:49,74,B+R,0,False,False,False,W,-0.85,29.93,27000
2023-05-24 20:18:01,45,W+R,0,False,False,False,B,-0.85,29.7601,27000
2023-05-24 20:18:17,64,B+R,1,False,False,False,W,-0.85,29.3768,27000
2023-05-24 20:18:52,97,W+2.5,14,True,True,False,B,-0.85,29.1953,27000
2023-05-24 20:19:16,66,B+R,1,False,False,False,W,-0.85,29.0722,27000
2023-05-24 20:19:29,36,B+R,0,False,False,False,W,-0.85,28.7032,27000
2023-05-24 20:19:54,72,B+R,1,False,False,False,W,-0.85,28.809,27000
2023-05-24 20:20:14,51,W+R,0,False,False,False,B,-0.85,28.6522,27000
2023-05-24 20:20:42,73,W+R,2,False,False,False,B,-0.85,28.6506,27000
2023-05-24 20:21:20,108,B+2.5,12,True,True,False,W,-0.85,28.487,27000
2023-05-24 20:21:51,85,W+R,7,False,False,False,B,-0.85,28.4166,27000
2023-05-24 20:22:25,91,W+R,3,False,False,False,B,-0.85,28.3717,27000
2023-05-24 20:22:58,82,B+R,2,False,False,False,W,-0.85,28.3995,27000
2023-05-24 20:23:31,87,W+R,5,False,False,False,B,-0.85,28.1669,27000
2023-05-24 20:23:57,69,W+R,1,False,False,False,B,-0.85,28.2357,27000
2023-05-24 20:24:40,104,B+R,9,False,False,False,W,-0.85,28.4731,27000
2023-05-24 20:26:26,37,W+R,0,False,False,False,B,-0.85,28.4022,28000
2023-05-24 20:26:47,63,W+R,3,False,False,False,B,-0.85,28.268,28000
2023-05-24 20:27:22,84,B+R,5,False,False,False,W,-0.85,28.4755,28000
2023-05-24 20:27:52,74,B+R,3,False,False,False,W,-0.85,28.3051,28000
2023-05-24 20:28:22,82,W+0.5,7,False,False,False,,-0.85,28.3159,28000
2023-05-24 20:28:57,88,W+0.5,10,True,True,False,B,-0.85,28.5139,28000
2023-05-24 20:29:16,48,B+R,0,False,False,False,W,-0.85,28.3296,28000
2023-05-24 20:29:48,84,B+R,3,False,False,False,W,-0.85,28.1786,28000
2023-05-24 20:30:07,55,W+R,0,False,False,False,B,-0.85,28.1604,28000
2023-05-24 20:30:37,79,W+R,5,False,False,False,B,-0.85,28.1753,28000
2023-05-24 20:31:22,109,B+1.5,3,False,False,False,,-0.85,28.4367,28000
2023-05-24 20:31:53,84,B+R,1,False,False,False,W,-0.85,28.4162,28000
2023-05-24 20:32:16,64,B+R,0,False,False,False,W,-0.85,28.2743,28000
2023-05-24 20:32:37,62,B+R,0,False,False,False,W,-0.85,28.3318,28000
2023-05-24 20:33:21,121,W+R,14,False,False,False,B,-0.85,28.507,28000
2023-05-24 20:33:50,76,B+R,2,False,False,False,W,-0.85,28.5068,28000
2023-05-24 20:34:21,80,B+R,5,False,False,False,W,-0.85,28.4564,28000
2023-05-24 20:34:52,84,B+R,0,False,False,False,W,-0.85,28.4211,28000
2023-05-24 20:35:22,73,W+R,3,False,False,False,B,-0.85,28.435,28000
2023-05-24 20:35:54,81,W+R,6,False,False,False,B,-0.85,28.4454,28000
2023-05-24 20:36:15,59,W+R,4,False,False,False,B,-0.85,28.3097,28000
2023-05-24 20:36:42,75,W+R,5,False,False,False,B,-0.85,28.3003,28000
2023-05-24 20:37:28,111,W+R,14,False,False,False,B,-0.85,28.5022,28000
2023-05-24 20:37:59,75,W+R,4,False,False,False,B,-0.85,28.3169,28000
2023-05-24 20:38:38,113,W+R,19,False,False,False,B,-0.85,28.2803,28000
2023-05-24 20:39:00,58,B+R,0,False,False,False,W,-0.85,28.1464,28000
2023-05-24 20:39:29,77,W+R,1,False,False,False,B,-0.85,28.1489,28000
2023-05-24 20:39:52,69,W+R,3,False,False,False,B,-0.85,28.1391,28000
2023-05-24 20:40:17,71,W+R,3,False,False,False,B,-0.85,28.3054,28000
2023-05-24 20:40:56,103,W+R,14,False,False,False,B,-0.85,28.4899,28000
2023-05-24 20:41:23,73,W+R,0,False,False,False,B,-0.85,28.3333,28000
2023-05-24 20:41:43,76,B+R,1,False,False,False,W,-0.85,28.275,28000
2023-05-24 20:42:15,92,W+0.5,7,False,False,False,,-0.85,28.3331,28000
2023-05-24 20:42:36,78,B+R,0,False,False,False,W,-0.85,28.4007,28000
2023-05-24 20:42:54,59,W+R,3,False,False,False,B,-0.85,28.0051,28000
2023-05-24 20:43:10,65,W+R,4,False,False,False,B,-0.85,27.7922,28000
2023-05-24 20:43:23,59,W+R,0,False,False,False,B,-0.85,27.6169,28000
2023-05-24 20:43:47,62,B+R,0,False,False,False,W,-0.85,27.7377,28000
2023-05-24 20:44:06,55,W+R,1,False,False,False,B,-0.85,27.595,28000
2023-05-24 20:44:18,43,W+R,0,False,False,False,B,-0.85,27.3963,28000
2023-05-24 20:44:52,84,B+R,3,False,False,False,W,-0.85,27.5657,28000
2023-05-24 20:45:28,84,B+R,3,False,False,False,W,-0.85,27.6229,28000
2023-05-24 20:45:47,51,W+R,0,False,False,False,B,-0.85,27.5029,28000
2023-05-24 20:46:15,75,W+R,2,False,False,False,B,-0.85,27.4865,28000
2023-05-24 20:46:48,91,W+R,10,False,False,False,B,-0.85,27.5407,28000
2023-05-24 20:48:42,63,W+R,1,False,False,False,B,-0.85,27.5921,29000
2023-05-24 20:49:02,49,W+R,3,False,False,False,B,-0.85,27.5398,29000
2023-05-24 20:49:20,46,B+R,0,False,False,False,W,-0.85,27.4328,29000
2023-05-24 20:49:57,95,W+R,9,False,False,False,B,-0.85,27.5777,29000
2023-05-24 20:50:24,70,B+R,1,False,False,False,W,-0.85,27.2751,29000
2023-05-24 20:50:45,68,B+R,2,False,False,False,W,-0.85,27.2236,29000
2023-05-24 20:51:06,62,B+R,1,False,False,False,W,-0.85,27.1695,29000
2023-05-24 20:51:21,46,B+R,0,False,False,False,W,-0.85,27.0186,29000
2023-05-24 20:51:43,57,W+R,0,False,False,False,B,-0.85,27.0274,29000
2023-05-24 20:52:17,91,W+R,9,False,False,False,B,-0.85,27.0528,29000
2023-05-24 20:52:50,99,B+1.5,9,True,True,False,W,-0.85,27.0873,29000
2023-05-24 20:53:13,59,W+R,0,False,False,False,B,-0.85,27.088,29000
2023-05-24 20:53:43,86,B+R,7,False,False,False,W,-0.85,27.2727,29000
2023-05-24 20:54:09,61,W+R,1,False,False,False,B,-0.85,27.3269,29000
2023-05-24 20:54:35,72,B+R,3,False,False,False,W,-0.85,27.1553,29000
2023-05-24 20:55:09,104,B+1.5,14,True,True,False,W,-0.85,27.2206,29000
2023-05-24 20:55:26,46,B+R,0,False,False,False,W,-0.85,27.1099,29000
2023-05-24 20:55:57,79,W+R,7,False,False,False,B,-0.85,26.8394,29000
2023-05-24 20:56:29,84,B+R,8,False,False,False,W,-0.85,26.659,29000
2023-05-24 20:56:54,67,W+R,4,False,False,False,B,-0.85,26.7127,29000
2023-05-24 20:57:06,32,B+R,0,False,False,False,W,-0.85,26.5909,29000
2023-05-24 20:57:32,73,W+R,4,False,False,False,B,-0.85,26.7645,29000
2023-05-24 20:57:46,48,B+R,0,False,False,False,W,-0.85,26.8005,29000
2023-05-24 20:58:05,59,W+R,0,False,False,False,B,-0.85,26.7714,29000
2023-05-24 20:58:39,88,B+R,3,False,False,False,W,-0.85,26.5074,29000
2023-05-24 20:59:02,66,B+R,0,False,False,False,W,-0.85,26.5826,29000
2023-05-24 20:59:19,52,B+R,0,False,False,False,W,-0.85,26.6167,29000
2023-05-24 20:59:37,59,W+R,1,False,False,False,B,-0.85,26.6019,29000
2023-05-24 20:59:54,52,B+R,1,False,False,False,W,-0.85,26.5064,29000
2023-05-24 21:00:18,72,B+R,3,False,False,False,W,-0.85,26.5899,29000
2023-05-24 21:00:50,79,W+R,1,False,False,False,B,-0.85,26.5718,29000
2023-05-24 21:01:14,75,W+R,2,False,False,False,B,-0.85,26.6017,29000
2023-05-24 21:01:39,64,B+R,0,False,False,False,W,-0.85,26.5837,29000
2023-05-24 21:02:02,69,W+R,1,False,False,False,B,-0.85,26.5352,29000
2023-05-24 21:02:23,53,W+R,1,False,False,False,B,-0.85,26.2315,29000
2023-05-24 21:02:40,48,B+R,0,False,False,False,W,-0.85,26.2404,29000
2023-05-24 21:03:10,74,B+R,2,False,False,False,W,-0.85,26.147,29000
2023-05-24 21:03:25,54,B+R,0,False,False,False,W,-0.85,26.0278,29000
2023-05-24 21:04:12,113,B+1.5,14,True,False,False,,-0.85,26.3731,29000
2023-05-24 21:04:29,46,B+R,0,False,False,False,W,-0.85,26.3808,29000
2023-05-24 21:04:49,46,B+R,0,False,False,False,W,-0.85,26.237,29000
2023-05-24 21:05:17,61,W+R,2,False,False,False,B,-0.85,26.2771,29000
2023-05-24 21:06:04,161,W+R,24,False,False,False,B,-0.85,26.6237,29000
2023-05-24 21:06:21,49,W+R,0,False,False,False,B,-0.85,26.5359,29000
2023-05-24 21:07:04,120,B+5.5,19,True,True,False,W,-0.85,26.7665,29000
2023-05-24 21:09:19,73,W+R,3,False,False,False,B,-0.85,26.7203,30000
2023-05-24 21:10:08,109,W+0.5,19,True,True,False,B,-0.85,26.9046,30000
2023-05-24 21:10:58,122,B+4.5,14,True,True,False,W,-0.85,27.0643,30000
2023-05-24 21:11:38,95,W+R,1,False,False,False,B,-0.85,27.1319,30000
2023-05-24 21:12:08,83,W+R,6,False,False,False,B,-0.85,27.1006,30000
2023-05-24 21:12:23,43,W+R,0,False,False,False,B,-0.85,26.9873,30000
2023-05-24 21:12:58,97,B+1.5,11,False,False,False,,-0.85,26.9116,30000
2023-05-24 21:13:11,34,B+R,0,False,False,False,W,-0.85,26.7977,30000
2023-05-24 21:13:25,54,B+R,0,False,False,False,W,-0.85,26.7992,30000
2023-05-24 21:13:40,45,W+R,0,False,False,False,B,-0.85,26.7408,30000
2023-05-24 21:14:08,71,W+R,3,False,False,False,B,-0.85,26.6593,30000
2023-05-24 21:14:19,32,B+R,0,False,False,False,W,-0.85,26.4703,30000
2023-05-24 21:14:56,103,W+R,9,False,False,False,B,-0.85,26.5433,30000
2023-05-24 21:15:11,47,W+R,0,False,False,False,B,-0.85,26.3414,30000
2023-05-24 21:15:53,95,W+R,7,False,False,False,B,-0.85,26.5687,30000
2023-05-24 21:16:19,79,W+R,4,False,False,False,B,-0.85,26.5074,30000
2023-05-24 21:16:34,48,B+R,0,False,False,False,W,-0.85,26.4742,30000
2023-05-24 21:17:13,99,W+2.5,16,True,True,False,B,-0.85,26.5585,30000
2023-05-24 21:17:37,62,B+R,0,False,False,False,W,-0.85,26.3458,30000
2023-05-24 21:17:56,52,B+R,0,False,False,False,W,-0.85,26.227,30000
2023-05-24 21:18:24,77,W+R,4,False,False,False,B,-0.85,26.2893,30000
2023-05-24 21:19:10,161,W+R,20,False,False,False,B,-0.85,26.5286,30000
2023-05-24 21:19:34,61,W+R,1,False,False,False,B,-0.85,26.3279,30000
2023-05-24 21:19:59,76,B+R,1,False,False,False,W,-0.85,26.293,30000
2023-05-24 21:20:26,90,B+R,6,False,False,False,W,-0.85,26.2553,30000
2023-05-24 21:20:56,79,W+R,3,False,False,False,B,-0.85,26.2485,30000
2023-05-24 21:21:38,99,W+R,8,False,False,False,B,-0.85,26.3597,30000
2023-05-24 21:21:51,40,B+R,0,False,False,False,W,-0.85,26.1711,30000
2023-05-24 21:22:14,65,W+R,2,False,False,False,B,-0.85,26.1846,30000
2023-05-24 21:22:45,83,W+R,7,False,False,False,B,-0.85,26.229,30000
2023-05-24 21:23:02,43,W+R,0,False,False,False,B,-0.85,25.9493,30000
2023-05-24 21:23:23,66,B+R,1,False,False,False,W,-0.85,25.8434,30000
2023-05-24 21:23:48,77,W+R,1,False,False,False,B,-0.85,25.698,30000
2023-05-24 21:24:01,38,B+R,0,False,False,False,W,-0.85,25.605,30000
2023-05-24 21:24:13,38,B+R,0,False,False,False,W,-0.85,25.4379,30000
2023-05-24 21:24:25,32,B+R,0,False,False,False,W,-0.85,25.3307,30000
2023-05-24 21:24:54,84,B+R,4,False,False,False,W,-0.85,25.3687,30000
2023-05-24 21:25:23,79,W+R,4,False,False,False,B,-0.85,25.2755,30000
2023-05-24 21:26:03,109,W+R,9,False,False,False,B,-0.85,25.4027,30000
2023-05-24 21:26:32,76,B+R,0,False,False,False,W,-0.85,25.496,30000
2023-05-24 21:26:46,46,B+R,0,False,False,False,W,-0.85,25.3127,30000
2023-05-24 21:27:05,72,B+R,7,False,False,False,W,-0.85,25.2934,30000
2023-05-24 21:27:22,63,W+R,0,False,False,False,B,-0.85,25.2755,30000
2023-05-24 21:28:08,115,W+R,11,False,False,False,B,-0.85,25.5791,30000
2023-05-24 21:30:03,58,B+R,0,False,False,False,W,-0.85,25.5658,31000
2023-05-24 21:30:17,39,W+R,0,False,False,False,B,-0.85,25.5232,31000
2023-05-24 21:30:40,75,W+R,8,False,False,False,B,-0.85,25.6298,31000
2023-05-24 21:31:11,84,B+R,3,False,False,False,W,-0.85,25.6062,31000
2023-05-24 21:31:23,32,B+R,0,False,False,False,W,-0.85,25.3627,31000
2023-05-24 21:31:35,36,B+R,0,False,False,False,W,-0.85,25.2917,31000
2023-05-24 21:31:55,54,B+R,0,False,False,False,W,-0.85,25.2106,31000
2023-05-24 21:32:20,77,W+R,0,False,False,False,B,-0.85,25.1305,31000
2023-05-24 21:32:47,67,W+R,0,False,False,False,B,-0.85,25.1502,31000
2023-05-24 21:33:14,83,W+R,5,False,False,False,B,-0.85,25.184,31000
2023-05-24 21:33:25,33,W+R,0,False,False,False,B,-0.85,25.1027,31000
2023-05-24 21:33:41,49,W+R,0,False,False,False,B,-0.85,25.0787,31000
2023-05-24 21:33:58,48,B+R,0,False,False,False,W,-0.85,24.8799,31000
2023-05-24 21:34:29,95,W+R,11,False,False,False,B,-0.85,24.9234,31000
2023-05-24 21:34:46,51,W+R,0,False,False,False,B,-0.85,24.8819,31000
2023-05-24 21:35:10,82,B+R,5,False,False,False,W,-0.85,24.9119,31000
2023-05-24 21:35:46,129,W+R,20,False,False,False,B,-0.85,25.1276,31000
2023-05-24 21:36:07,63,W+R,2,False,False,False,B,-0.85,25.1058,31000
2023-05-24 21:36:47,109,W+R,7,False,False,False,B,-0.85,25.1682,31000
2023-05-24 21:37:00,42,B+R,0,False,False,False,W,-0.85,24.9729,31000
2023-05-24 21:37:24,65,W+R,3,False,False,False,B,-0.85,24.9857,31000
2023-05-24 21:37:39,46,B+R,0,False,False,False,W,-0.85,24.8383,31000
2023-05-24 21:38:13,95,W+R,8,False,False,False,B,-0.85,24.9062,31000
2023-05-24 21:38:36,71,B+0.5,3,True,True,False,W,-0.85,24.8762,31000
2023-05-24 21:39:17,111,W+R,13,False,False,False,B,-0.85,24.9466,31000
2023-05-24 21:39:30,33,W+R,0,False,False,False,B,-0.85,24.9029,31000
2023-05-24 21:40:01,89,W+R,6,False,False,False,B,-0.85,24.9087,31000
2023-05-24 21:40:17,71,W+R,0,False,False,False,B,-0.85,24.7475,31000
2023-05-24 21:40:28,40,B+R,0,False,False,False,W,-0.85,24.6121,31000
2023-05-24 21:41:01,86,B+R,7,False,False,False,W,-0.85,24.8223,31000
2023-05-24 21:41:21,57,W+R,0,False,False,False,B,-0.85,24.7605,31000
2023-05-24 21:41:55,92,B+R,2,False,False,False,W,-0.85,24.9621,31000
2023-05-24 21:42:16,69,W+R,5,False,False,False,B,-0.85,24.9816,31000
2023-05-24 21:42:36,54,B+R,0,False,False,False,W,-0.85,24.8422,31000
2023-05-24 21:42:51,43,W+R,0,False,False,False,B,-0.85,24.7595,31000
2023-05-24 21:43:11,62,B+R,0,False,False,False,W,-0.85,24.7893,31000
2023-05-24 21:43:38,72,B+R,1,False,False,False,W,-0.85,24.8867,31000
2023-05-24 21:43:56,53,W+R,0,False,False,False,B,-0.85,24.8825,31000
2023-05-24 21:44:06,36,B+R,0,False,False,False,W,-0.85,24.7488,31000
2023-05-24 21:44:22,48,B+R,0,False,False,False,W,-0.85,24.5844,31000
2023-05-24 21:44:52,84,B+R,5,False,False,False,W,-0.85,24.6555,31000
2023-05-24 21:45:09,48,B+R,0,False,False,False,W,-0.85,24.5717,31000
2023-05-24 21:45:40,88,W+0.5,13,True,False,False,,-0.85,24.6452,31000
2023-05-24 21:46:21,109,W+R,14,False,False,False,B,-0.85,24.8533,31000
2023-05-24 21:46:40,56,B+R,0,False,False,False,W,-0.85,24.8685,31000
2023-05-24 21:46:52,32,B+R,0,False,False,False,W,-0.85,24.693,31000
2023-05-24 21:47:17,76,B+R,0,False,False,False,W,-0.85,24.7892,31000
2023-05-24 21:47:37,54,B+R,1,False,False,False,W,-0.85,24.5195,31000
2023-05-24 21:48:04,71,W+R,2,False,False,False,B,-0.85,24.6205,31000
2023-05-24 21:48:23,60,B+R,0,False,False,False,W,-0.85,24.6069,31000
2023-05-24 21:50:07,82,B+R,3,False,False,False,W,-0.85,24.3345,32000
2023-05-24 21:50:17,38,B+R,0,False,False,False,W,-0.85,24.2678,32000
2023-05-24 21:50:49,76,B+R,0,False,False,False,W,-0.85,24.1561,32000
2023-05-24 21:51:15,70,B+R,1,False,False,False,W,-0.85,24.1017,32000
2023-05-24 21:51:39,68,B+R,2,False,False,False,W,-0.85,24.0413,32000
2023-05-24 21:51:58,64,B+R,0,False,False,False,W,-0.85,23.7415,32000
2023-05-24 21:52:29,82,B+R,1,False,False,False,W,-0.85,23.5535,32000
2023-05-24 21:53:02,92,B+R,14,False,False,False,W,-0.85,23.4781,32000
2023-05-24 21:53:28,77,B+6.5,9,True,True,False,W,-0.85,23.444,32000
2023-05-24 21:53:41,54,B+R,0,False,False,False,W,-0.85,23.4236,32000
2023-05-24 21:54:20,103,W+R,7,False,False,False,B,-0.85,23.4603,32000
2023-05-24 21:54:40,58,B+R,0,False,False,False,W,-0.85,23.5283,32000
2023-05-24 21:54:55,43,W+R,0,False,False,False,B,-0.85,23.5383,32000
2023-05-24 21:55:15,64,B+R,0,False,False,False,W,-0.85,23.5925,32000
2023-05-24 21:55:34,55,W+R,0,False,False,False,B,-0.85,23.5066,32000
2023-05-24 21:56:06,81,B+5.5,7,True,True,False,W,-0.85,23.7158,32000
2023-05-24 21:56:36,76,B+R,1,False,False,False,W,-0.85,23.6396,32000
2023-05-24 21:57:03,72,B+R,0,False,False,False,W,-0.85,23.7592,32000
2023-05-24 21:57:29,72,B+R,0,False,False,False,W,-0.85,23.6093,32000
2023-05-24 21:58:06,108,B+R,17,False,False,False,W,-0.85,23.712,32000
2023-05-24 21:58:53,136,B+1.5,26,True,True,False,W,-0.85,24.0306,32000
2023-05-24 21:59:11,50,B+R,0,False,False,False,W,-0.85,23.8231,32000
2023-05-24 21:59:35,75,W+R,8,False,False,False,B,-0.85,23.829,32000
2023-05-24 21:59:51,51,W+R,0,False,False,False,B,-0.85,23.8006,32000
2023-05-24 22:00:21,89,W+R,2,False,False,False,B,-0.85,23.8097,32000
2023-05-24 22:00:56,89,W+R,4,False,False,False,B,-0.85,23.6979,32000
2023-05-24 22:01:29,85,W+R,0,False,False,False,B,-0.85,23.7904,32000
2023-05-24 22:01:49,62,B+R,0,False,False,False,W,-0.85,23.7397,32000
2023-05-24 22:02:12,61,W+R,0,False,False,False,B,-0.85,23.7013,32000
2023-05-24 22:02:28,46,B+R,0,False,False,False,W,-0.85,23.5568,32000
2023-05-24 22:02:55,72,B+R,3,False,False,False,W,-0.85,23.4095,32000
2023-05-24 22:03:23,72,B+R,1,False,False,False,W,-0.85,23.5628,32000
2023-05-24 22:03:42,65,W+R,0,False,False,False,B,-0.85,23.5294,32000
2023-05-24 22:03:53,45,W+R,0,False,False,False,B,-0.85,23.3174,32000
2023-05-24 22:04:34,125,W+R,20,False,False,False,B,-0.85,23.5566,32000
2023-05-24 22:05:28,162,B+6.5,32,True,True,False,W,-0.85,23.8896,32000
2023-05-24 22:05:47,64,B+R,0,False,False,False,W,-0.85,23.8322,32000
2023-05-24 22:05:56,36,B+R,0,False,False,False,W,-0.85,23.7992,32000
2023-05-24 22:06:08,33,W+R,0,False,False,False,B,-0.85,23.793,32000
2023-05-24 22:06:19,43,W+R,0,False,False,False,B,-0.85,23.7895,32000
2023-05-24 22:06:39,54,B+R,0,False,False,False,W,-0.85,23.689,32000
2023-05-24 22:06:59,63,W+R,0,False,False,False,B,-0.85,23.5938,32000
2023-05-24 22:07:06,32,B+R,0,False,False,False,W,-0.85,23.2772,32000
2023-05-24 22:07:24,58,B+R,0,False,False,False,W,-0.85,23.1616,32000
2023-05-24 22:07:37,46,B+R,0,False,False,False,W,-0.85,23.1556,32000
2023-05-24 22:08:13,96,B+R,7,False,False,False,W,-0.85,23.3279,32000
2023-05-24 22:10:06,75,W+R,4,False,False,False,B,-0.85,23.2204,33000
2023-05-24 22:10:42,95,W+R,8,False,False,False,B,-0.85,23.4211,33000
2023-05-24 22:11:01,68,B+R,4,False,False,False,W,-0.85,23.4141,33000
2023-05-24 22:11:18,52,B+R,0,False,False,False,W,-0.85,23.4401,33000
2023-05-24 22:11:39,62,B+R,1,False,False,False,W,-0.85,23.4207,33000
2023-05-24 22:11:58,59,W+R,1,False,False,False,B,-0.85,23.3018,33000
2023-05-24 22:12:28,78,B+R,3,False,False,False,W,-0.85,23.4831,33000
2023-05-24 22:13:05,103,B+0.5,11,True,True,False,W,-0.85,23.7358,33000
2023-05-24 22:13:32,82,B+R,1,False,False,False,W,-0.85,23.8065,33000
2023-05-24 22:14:17,162,W+0.5,27,False,False,False,,-0.85,24.0006,33000
2023-05-24 22:14:33,50,B+R,0,False,False,False,W,-0.85,23.8986,33000
2023-05-24 22:14:59,68,B+R,2,False,False,False,W,-0.85,23.8848,33000
2023-05-24 22:15:14,49,W+R,0,False,False,False,B,-0.85,23.9276,33000
2023-05-24 22:15:29,46,B+R,0,False,False,False,W,-0.85,23.9164,33000
2023-05-24 22:15:52,69,W+R,0,False,False,False,B,-0.85,23.9689,33000
2023-05-24 22:16:08,49,W+R,0,False,False,False,B,-0.85,23.8203,33000
2023-05-24 22:16:37,80,B+R,4,False,False,False,W,-0.85,23.9417,33000
2023-05-24 22:16:57,56,B+R,0,False,False,False,W,-0.85,23.9006,33000
2023-05-24 22:17:23,62,B+R,0,False,False,False,W,-0.85,23.7994,33000
2023-05-24 22:17:34,36,B+R,0,False,False,False,W,-0.85,23.7107,33000
2023-05-24 22:18:10,95,W+R,11,False,False,False,B,-0.85,23.6668,33000
2023-05-24 22:18:36,64,B+R,0,False,False,False,W,-0.85,23.7934,33000
2023-05-24 22:19:03,71,W+R,4,False,False,False,B,-0.85,23.8212,33000
2023-05-24 22:19:30,73,W+R,3,False,False,False,B,-0.85,23.9396,33000
2023-05-24 22:19:43,40,B+R,0,False,False,False,W,-0.85,23.7393,33000
2023-05-24 22:20:01,49,W+R,0,False,False,False,B,-0.85,23.6835,33000
2023-05-24 22:20:27,70,B+R,5,False,False,False,W,-0.85,23.5305,33000
2023-05-24 22:20:56,78,B+R,1,False,False,False,W,-0.85,23.6949,33000
2023-05-24 22:21:19,68,B+R,1,False,False,False,W,-0.85,23.6123,33000
2023-05-24 22:21:55,87,W+R,8,False,False,False,B,-0.85,23.8152,33000
2023-05-24 22:22:24,88,B+R,2,False,False,False,W,-0.85,23.9954,33000
2023-05-24 22:22:47,77,W+R,4,False,False,False,B,-0.85,23.8984,33000
2023-05-24 22:23:16,95,W+R,4,False,False,False,B,-0.85,23.9851,33000
2023-05-24 22:23:40,67,W+R,1,False,False,False,B,-0.85,23.8777,33000
2023-05-24 22:23:58,54,B+R,0,False,False,False,W,-0.85,23.8491,33000
2023-05-24 22:24:24,68,B+R,1,False,False,False,W,-0.85,23.9144,33000
2023-05-24 22:24:55,78,B+R,4,False,False,False,W,-0.85,24.0737,33000
2023-05-24 22:25:14,55,W+R,1,False,False,False,B,-0.85,24.0658,33000
2023-05-24 22:25:34,64,B+R,0,False,False,False,W,-0.85,23.9871,33000
2023-05-24 22:26:05,77,W+R,5,False,False,False,B,-0.85,24.1312,33000
2023-05-24 22:26:24,56,B+R,0,False,False,False,W,-0.85,24.2136,33000
2023-05-24 22:27:00,97,W+R,8,False,False,False,B,-0.85,24.4159,33000
2023-05-24 22:27:37,95,W+R,1,False,False,False,B,-0.85,24.4835,33000
2023-05-24 22:28:00,66,B+R,1,False,False,False,W,-0.85,24.5462,33000
2023-05-24 22:28:22,59,W+R,2,False,False,False,B,-0.85,24.4594,33000
2023-05-24 22:28:57,91,W+R,6,False,False,False,B,-0.85,24.3961,33000
2023-05-24 22:31:12,66,B+R,1,False,False,False,W,-0.85,24.731,34000
2023-05-24 22:31:35,65,W+R,5,False,False,False,B,-0.85,24.7105,34000
2023-05-24 22:31:54,56,B+R,0,False,False,False,W,-0.85,24.7021,34000
2023-05-24 22:32:28,121,W+R,23,False,False,False,B,-0.85,24.7755,34000
2023-05-24 22:32:52,78,B+R,0,False,False,False,W,-0.85,24.8217,34000
2023-05-24 22:33:18,81,B+0.5,7,False,False,False,,-0.85,24.8461,34000
2023-05-24 22:33:35,50,B+R,1,False,False,False,W,-0.85,24.7693,34000
2023-05-24 22:33:49,42,B+R,0,False,False,False,W,-0.85,24.8098,34000
2023-05-24 22:34:20,81,W+R,2,False,False,False,B,-0.85,24.8078,34000
2023-05-24 22:34:41,61,W+R,0,False,False,False,B,-0.85,24.7602,34000
2023-05-24 22:35:12,88,B+R,4,False,False,False,W,-0.85,24.8254,34000
2023-05-24 22:35:47,90,B+R,2,False,False,False,W,-0.85,24.9837,34000
2023-05-24 22:36:10,74,B+R,4,False,False,False,W,-0.85,24.9001,34000
2023-05-24 22:36:27,52,B+R,0,False,False,False,W,-0.85,24.7409,34000
2023-05-24 22:36:47,54,B+R,0,False,False,False,W,-0.85,24.6821,34000
2023-05-24 22:37:13,74,B+R,0,False,False,False,W,-0.85,24.8169,34000
2023-05-24 22:37:37,74,B+R,0,False,False,False,W,-0.85,24.6614,34000
2023-05-24 22:37:50,58,B+R,1,False,False,False,W,-0.85,24.5988,34000
2023-05-24 22:38:02,32,B+R,0,False,False,False,W,-0.85,24.5659,34000
2023-05-24 22:38:23,61,W+R,0,False,False,False,B,-0.85,24.5668,34000
2023-05-24 22:38:38,48,B+R,0,False,False,False,W,-0.85,24.532,34000
2023-05-24 22:39:15,105,W+R,19,False,False,False,B,-0.85,24.583,34000
2023-05-24 22:39:52,83,W+R,6,False,False,False,B,-0.85,24.6492,34000
2023-05-24 22:40:07,45,W+R,0,False,False,False,B,-0.85,24.5355,34000
2023-05-24 22:40:37,77,B+1.5,4,False,False,False,,-0.85,24.5665,34000
2023-05-24 22:40:58,58,B+R,0,False,False,False,W,-0.85,24.4128,34000
2023-05-24 22:41:23,66,B+R,2,False,False,False,W,-0.85,24.1925,34000
2023-05-24 22:41:55,80,W+0.5,8,False,False,False,,-0.85,24.3391,34000
2023-05-24 22:42:15,63,W+R,0,False,False,False,B,-0.85,24.2904,34000
2023-05-24 22:42:41,66,B+R,0,False,False,False,W,-0.85,24.3944,34000
2023-05-24 22:42:56,43,W+R,0,False,False,False,B,-0.85,24.2437,34000
2023-05-24 22:43:26,88,B+R,5,False,False,False,W,-0.85,24.2023,34000
2023-05-24 22:43:50,73,B+8.5,7,True,True,False,W,-0.85,24.1123,34000
2023-05-24 22:44:24,99,W+R,14,False,False,False,B,-0.85,24.2444,34000
2023-05-24 22:44:55,84,B+R,2,False,False,False,W,-0.85,24.3175,34000
2023-05-24 22:45:19,66,B+R,0,False,False,False,W,-0.85,24.4095,34000
2023-05-24 22:45:50,80,B+R,0,False,False,False,W,-0.85,24.4499,34000
2023-05-24 22:46:36,129,W+0.5,22,True,True,False,B,-0.85,24.618,34000
2023-05-24 22:46:56,69,W+R,0,False,False,False,B,-0.85,24.6336,34000
2023-05-24 22:47:14,61,W+R,0,False,False,False,B,-0.85,24.7108,34000
2023-05-24 22:47:32,56,B+R,3,False,False,False,W,-0.85,24.4748,34000
2023-05-24 22:48:01,81,W+R,2,False,False,False,B,-0.85,24.2228,34000
2023-05-24 22:48:17,55,W+R,0,False,False,False,B,-0.85,24.1912,34000
2023-05-24 22:48:46,92,B+R,4,False,False,False,W,-0.85,24.3926,34000
2023-05-24 22:49:01,48,B+R,0,False,False,False,W,-0.85,24.4198,34000
2023-05-24 22:49:16,50,B+R,0,False,False,False,W,-0.85,24.4635,34000
2023-05-24 22:51:31,153,W+R,22,False,False,False,B,-0.85,24.7836,35000
2023-05-24 22:51:58,88,B+R,1,False,False,False,W,-0.85,24.9817,35000
2023-05-24 22:52:20,67,W+R,4,False,False,False,B,-0.85,25.0189,35000
2023-05-24 22:52:54,80,B+R,1,False,False,False,W,-0.85,25.2247,35000
2023-05-24 22:53:32,95,W+1.5,18,True,True,False,B,-0.85,25.2507,35000
2023-05-24 22:54:03,82,B+R,2,False,False,False,W,-0.85,25.3009,35000
2023-05-24 22:54:26,74,B+R,0,False,False,False,W,-0.85,25.2613,35000
2023-05-24 22:55:01,87,W+R,4,False,False,False,B,-0.85,25.2549,35000
2023-05-24 22:55:37,99,W+R,6,False,False,False,B,-0.85,25.4259,35000
2023-05-24 22:55:49,33,W+R,0,False,False,False,B,-0.85,25.3769,35000
2023-05-24 22:56:01,36,B+R,0,False,False,False,W,-0.85,25.2833,35000
2023-05-24 22:56:29,77,W+R,1,False,False,False,B,-0.85,25.3648,35000
2023-05-24 22:56:58,84,B+R,0,False,False,False,W,-0.85,25.3653,35000
2023-05-24 22:57:17,56,B+R,0,False,False,False,W,-0.85,25.1843,35000
2023-05-24 22:57:40,66,B+R,0,False,False,False,W,-0.85,25.1433,35000
2023-05-24 22:57:59,56,B+R,0,False,False,False,W,-0.85,24.8829,35000
2023-05-24 22:58:36,97,B+3.5,2,True,True,False,W,-0.85,25.0888,35000
2023-05-24 22:58:56,59,W+R,0,False,False,False,B,-0.85,25.0336,35000
2023-05-24 22:59:32,113,B+0.5,15,True,True,False,W,-0.85,25.2406,35000
2023-05-24 22:59:52,54,B+R,0,False,False,False,W,-0.85,25.2842,35000
2023-05-24 23:00:27,94,B+R,6,False,False,False,W,-0.85,25.4104,35000
2023-05-24 23:00:42,43,W+R,0,False,False,False,B,-0.85,25.4007,35000
2023-05-24 23:01:04,65,W+R,0,False,False,False,B,-0.85,25.3274,35000
2023-05-24 23:01:29,79,W+R,2,False,False,False,B,-0.85,25.3796,35000
2023-05-24 23:01:59,90,B+2.5,4,True,True,False,W,-0.85,25.4236,35000
2023-05-24 23:02:18,57,W+R,0,False,False,False,B,-0.85,25.5018,35000
2023-05-24 23:02:37,56,B+R,0,False,False,False,W,-0.85,25.326,35000
2023-05-24 23:03:08,90,B+R,8,False,False,False,W,-0.85,25.3802,35000
2023-05-24 23:03:52,104,B+2.5,16,True,True,False,W,-0.85,25.548,35000
2023-05-24 23:04:29,91,W+R,6,False,False,False,B,-0.85,25.6488,35000
2023-05-24 23:04:43,52,B+R,0,False,False,False,W,-0.85,25.6585,35000
2023-05-24 23:04:57,40,B+R,0,False,False,False,W,-0.85,25.6251,35000
2023-05-24 23:05:36,105,B+3.5,13,True,True,False,W,-0.85,25.7559,35000
2023-05-24 23:05:51,58,B+R,0,False,False,False,W,-0.85,25.6185,35000
2023-05-24 23:06:17,69,W+R,1,False,False,False,B,-0.85,25.6448,35000
2023-05-24 23:06:28,49,W+R,0,False,False,False,B,-0.85,25.3893,35000
2023-05-24 23:07:03,111,B+7.5,12,True,True,False,W,-0.85,25.4496,35000
2023-05-24 23:07:59,153,B+2.5,28,True,True,False,W,-0.85,25.7745,35000
2023-05-24 23:08:29,76,B+R,0,False,False,False,W,-0.85,25.782,35000
2023-05-24 23:09:13,127,B+1.5,21,True,True,False,W,-0.85,25.9963,35000
2023-05-24 23:11:49,110,B+R,10,False,False,False,W,-0.85,26.4169,36000
2023-05-24 23:12:03,42,B+R,0,False,False,False,W,-0.85,26.2476,36000
2023-05-24 23:12:15,34,B+R,0,False,False,False,W,-0.85,26.1673,36000
2023-05-24 23:12:25,32,B+R,0,False,False,False,W,-0.85,26.0794,36000
2023-05-24 23:12:56,86,B+R,7,False,False,False,W,-0.85,26.0727,36000
2023-05-24 23:13:25,83,W+R,6,False,False,False,B,-0.85,26.1689,36000
2023-05-24 23:13:45,52,B+R,0,False,False,False,W,-0.85,26.0108,36000
2023-05-24 23:13:57,35,W+R,0,False,False,False,B,-0.85,25.765,36000
2023-05-24 23:14:13,44,B+R,0,False,False,False,W,-0.85,25.6878,36000
2023-05-24 23:14:24,33,W+R,0,False,False,False,B,-0.85,25.5768,36000
2023-05-24 23:14:32,33,W+R,0,False,False,False,B,-0.85,25.3139,36000
2023-05-24 23:14:40,32,B+R,0,False,False,False,W,-0.85,24.981,36000
2023-05-24 23:14:56,73,B+0.5,3,True,True,False,W,-0.85,24.9121,36000
2023-05-24 23:15:13,64,B+R,0,False,False,False,W,-0.85,24.8559,36000
2023-05-24 23:15:41,77,B+5.5,3,True,True,False,W,-0.85,24.9399,36000
2023-05-24 23:15:59,53,W+R,0,False,False,False,B,-0.85,24.7764,36000
2023-05-24 23:16:14,49,W+R,0,False,False,False,B,-0.85,24.6817,36000
2023-05-24 23:16:29,44,B+R,0,False,False,False,W,-0.85,24.5808,36000
2023-05-24 23:16:56,70,B+R,1,False,False,False,W,-0.85,24.6837,36000
2023-05-24 23:17:11,42,B+R,2,False,False,False,W,-0.85,24.6895,36000
2023-05-24 23:17:30,65,B+1.5,6,True,True,False,W,-0.85,24.5692,36000
2023-05-24 23:17:55,63,W+R,1,False,False,False,B,-0.85,24.6071,36000
2023-05-24 23:18:15,57,W+R,0,False,False,False,B,-0.85,24.5005,36000
2023-05-24 23:18:38,67,W+R,0,False,False,False,B,-0.85,24.3781,36000
2023-05-24 23:18:55,68,B+R,3,False,False,False,W,-0.85,24.3221,36000
2023-05-24 23:19:06,34,B+R,0,False,False,False,W,-0.85,24.2644,36000
2023-05-24 23:19:25,69,W+0.5,4,False,False,False,,-0.85,24.2547,36000
2023-05-24 23:20:07,118,B+R,18,False,False,False,W,-0.85,24.4024,36000
2023-05-24 23:20:42,95,B+1.5,8,True,True,False,W,-0.85,24.5214,36000
2023-05-24 23:21:07,73,W+R,1,False,False,False,B,-0.85,24.6334,36000
2023-05-24 23:21:27,62,B+R,4,False,False,False,W,-0.85,24.7175,36000
2023-05-24 23:21:36,34,B+R,0,False,False,False,W,-0.85,24.605,36000
2023-05-24 23:22:04,93,W+R,6,False,False,False,B,-0.85,24.7241,36000
2023-05-24 23:22:29,81,B+1.5,7,True,True,False,W,-0.85,24.6069,36000
2023-05-24 23:23:01,89,W+R,12,False,False,False,B,-0.85,24.5592,36000
2023-05-24 23:23:17,62,B+R,3,False,False,False,W,-0.85,24.5692,36000
2023-05-24 23:23:30,38,B+R,0,False,False,False,W,-0.85,24.4002,36000
2023-05-24 23:23:48,52,B+R,0,False,False,False,W,-0.85,24.3725,36000
2023-05-24 23:24:10,68,B+R,3,False,False,False,W,-0.85,24.3416,36000
2023-05-24 23:24:25,48,B+R,0,False,False,False,W,-0.85,24.1669,36000
2023-05-24 23:25:08,106,B+R,10,False,False,False,W,-0.85,24.4013,36000
2023-05-24 23:25:20,34,B+R,0,False,False,False,W,-0.85,24.2555,36000
2023-05-24 23:25:37,50,B+R,0,False,False,False,W,-0.85,24.2771,36000
2023-05-24 23:25:50,36,B+R,0,False,False,False,W,-0.85,24.1027,36000
2023-05-24 23:26:16,78,W+0.5,5,False,False,False,,-0.85,24.1234,36000
2023-05-24 23:26:26,32,B+R,0,False,False,False,W,-0.85,23.8891,36000
2023-05-24 23:26:46,57,W+R,2,False,False,False,B,-0.85,23.7816,36000
2023-05-24 23:26:58,44,B+R,0,False,False,False,W,-0.85,23.6596,36000
2023-05-24 23:27:16,54,B+R,0,False,False,False,W,-0.85,23.5276,36000
2023-05-24 23:28:51,33,W+R,0,False,False,False,B,-0.85,23.1908,37000
2023-05-24 23:29:12,65,W+R,3,False,False,False,B,-0.85,23.2253,37000
2023-05-24 23:29:35,69,W+R,4,False,False,False,B,-0.85,23.2752,37000
2023-05-24 23:30:07,99,W+5.5,14,True,True,False,B,-0.85,23.3087,37000
2023-05-24 23:30:18,33,W+R,0,False,False,False,B,-0.85,23.2581,37000
2023-05-24 23:30:40,63,W+R,0,False,False,False,B,-0.85,23.1812,37000
2023-05-24 23:31:00,60,B+R,0,False,False,False,W,-0.85,23.2394,37000
2023-05-24 23:31:18,48,B+R,0,False,False,False,W,-0.85,23.264,37000
2023-05-24 23:31:59,161,W+R,41,False,False,False,B,-0.85,23.3189,37000
2023-05-24 23:32:25,74,B+R,2,False,False,False,W,-0.85,23.2219,37000
2023-05-24 23:32:36,33,W+R,0,False,False,False,B,-0.85,23.0565,37000
2023-05-24 23:32:59,64,B+R,0,False,False,False,W,-0.85,23.0687,37000
2023-05-24 23:33:11,33,W+R,0,False,False,False,B,-0.85,22.8509,37000
2023-05-24 23:33:32,59,W+R,1,False,False,False,B,-0.85,22.6696,37000
2023-05-24 23:33:53,68,B+R,0,False,False,False,W,-0.85,22.5862,37000
2023-05-24 23:34:17,66,B+R,2,False,False,False,W,-0.85,22.5912,37000
2023-05-24 23:34:45,74,B+R,0,False,False,False,W,-0.85,22.5139,37000
2023-05-24 23:35:04,54,B+R,0,False,False,False,W,-0.85,22.3429,37000
2023-05-24 23:35:29,71,W+R,11,False,False,False,B,-0.85,22.477,37000
2023-05-24 23:35:56,66,B+R,0,False,False,False,W,-0.85,22.6332,37000
2023-05-24 23:36:22,81,W+R,12,False,False,False,B,-0.85,22.6172,37000
2023-05-24 23:36:37,45,W+R,0,False,False,False,B,-0.85,22.465,37000
2023-05-24 23:36:45,33,W+R,0,False,False,False,B,-0.85,22.3506,37000
2023-05-24 23:37:04,75,W+R,2,False,False,False,B,-0.85,22.3234,37000
2023-05-24 23:37:18,41,W+R,0,False,False,False,B,-0.85,22.2619,37000
2023-05-24 23:37:41,76,B+R,2,False,False,False,W,-0.85,22.1317,37000
2023-05-24 23:37:53,32,B+R,0,False,False,False,W,-0.85,22.0539,37000
2023-05-24 23:38:15,66,B+R,0,False,False,False,W,-0.85,21.9063,37000
2023-05-24 23:38:35,58,B+R,0,False,False,False,W,-0.85,21.9069,37000
2023-05-24 23:38:57,60,B+R,0,False,False,False,W,-0.85,21.7792,37000
2023-05-24 23:39:33,94,B+R,9,False,False,False,W,-0.85,21.986,37000
2023-05-24 23:39:41,35,W+R,0,False,False,False,B,-0.85,21.8475,37000
2023-05-24 23:39:54,53,W+R,2,False,False,False,B,-0.85,21.7241,37000
2023-05-24 23:40:07,48,B+R,0,False,False,False,W,-0.85,21.5533,37000
2023-05-24 23:40:40,96,B+4.5,7,True,True,False,W,-0.85,21.6911,37000
2023-05-24 23:41:09,78,B+R,2,False,False,False,W,-0.85,21.8033,37000
2023-05-24 23:41:32,66,B+R,0,False,False,False,W,-0.85,21.7218,37000
2023-05-24 23:41:49,50,B+R,0,False,False,False,W,-0.85,21.453,37000
2023-05-24 23:42:08,56,B+R,4,False,False,False,W,-0.85,21.2688,37000
2023-05-24 23:42:26,49,W+R,0,False,False,False,B,-0.85,21.3084,37000
2023-05-24 23:42:46,56,B+R,0,False,False,False,W,-0.85,21.3666,37000
2023-05-24 23:43:05,55,W+R,1,False,False,False,B,-0.85,21.1668,37000
2023-05-24 23:43:20,44,B+R,0,False,False,False,W,-0.85,21.1628,37000
2023-05-24 23:43:37,54,B+R,0,False,False,False,W,-0.85,21.079,37000
2023-05-24 23:43:53,48,B+R,0,False,False,False,W,-0.85,21.1282,37000
2023-05-24 23:44:11,51,W+R,0,False,False,False,B,-0.85,20.9553,37000
2023-05-24 23:44:58,121,W+R,17,False,False,False,B,-0.85,20.87,37000
2023-05-24 23:45:27,88,B+R,3,False,False,False,W,-0.85,20.865,37000
2023-05-24 23:47:03,33,W+R,0,False,False,False,B,-0.85,20.2284,38000
2023-05-24 23:47:13,36,B+R,0,False,False,False,W,-0.85,19.8854,38000
2023-05-24 23:47:41,72,B+R,0,False,False,False,W,-0.85,20.0317,38000
2023-05-24 23:47:59,62,B+R,0,False,False,False,W,-0.85,20.1003,38000
2023-05-24 23:48:23,64,B+R,0,False,False,False,W,-0.85,20.2237,38000
2023-05-24 23:48:49,69,W+R,0,False,False,False,B,-0.85,20.1801,38000
2023-05-24 23:49:04,46,B+R,0,False,False,False,W,-0.85,20.0496,38000
2023-05-24 23:49:20,42,B+R,0,False,False,False,W,-0.85,20.0071,38000
2023-05-24 23:50:02,162,B+4.5,23,True,True,False,W,-0.85,20.2981,38000
2023-05-24 23:50:25,64,B+R,1,False,False,False,W,-0.85,20.3775,38000
2023-05-24 23:50:47,71,W+R,7,False,False,False,B,-0.85,20.4829,38000
2023-05-24 23:51:22,90,B+R,6,False,False,False,W,-0.85,20.7494,38000
2023-05-24 23:52:09,162,B+1.5,20,True,True,False,W,-0.85,21.1424,38000
2023-05-24 23:52:25,59,W+R,1,False,False,False,B,-0.85,21.1399,38000
2023-05-24 23:52:56,80,B+R,0,False,False,False,W,-0.85,21.2722,38000
2023-05-24 23:53:16,57,W+R,0,False,False,False,B,-0.85,21.2043,38000
2023-05-24 23:53:38,69,W+R,2,False,False,False,B,-0.85,21.2429,38000
2023-05-24 23:53:57,62,B+R,0,False,False,False,W,-0.85,21.2821,38000
2023-05-24 23:54:12,44,B+R,0,False,False,False,W,-0.85,21.2783,38000
2023-05-24 23:54:37,70,B+R,4,False,False,False,W,-0.85,21.2548,38000
2023-05-24 23:54:49,39,W+R,0,False,False,False,B,-0.85,21.2333,38000
2023-05-24 23:55:14,67,W+R,0,False,False,False,B,-0.85,21.2902,38000
2023-05-24 23:55:52,112,B+9.5,15,True,True,False,W,-0.85,21.4172,38000
2023-05-24 23:56:10,54,B+R,0,False,False,False,W,-0.85,21.3929,38000
2023-05-24 23:56:40,100,B+7.5,11,True,True,False,W,-0.85,21.4689,38000
2023-05-24 23:57:08,88,B+R,5,False,False,False,W,-0.85,21.582,38000
2023-05-24 23:57:41,89,W+R,0,False,False,False,B,-0.85,21.802,38000
2023-05-24 23:58:01,57,W+R,0,False,False,False,B,-0.85,21.8094,38000
2023-05-24 23:58:29,80,B+R,0,False,False,False,W,-0.85,21.6737,38000
2023-05-24 23:58:58,78,B+R,2,False,False,False,W,-0.85,21.6075,38000
2023-05-24 23:59:28,88,B+R,3,False,False,False,W,-0.85,21.6615,38000
2023-05-24 23:59:40,34,B+R,0,False,False,False,W,-0.85,21.5792,38000
2023-05-25 00:00:00,63,W+R,0,False,False,False,B,-0.85,21.6912,38000
2023-05-25 00:00:17,48,B+R,0,False,False,False,W,-0.85,21.5792,38000
2023-05-25 00:00:33,48,B+R,0,False,False,False,W,-0.85,21.4935,38000
2023-05-25 00:01:07,85,W+R,8,False,False,False,B,-0.85,21.5107,38000
2023-05-25 00:01:32,70,B+R,3,False,False,False,W,-0.85,21.5955,38000
2023-05-25 00:01:57,65,W+R,0,False,False,False,B,-0.85,21.7277,38000
2023-05-25 00:02:47,126,B+11.5,18,True,True,False,W,-0.85,22.0433,38000
2023-05-25 00:03:14,80,B+R,2,False,False,False,W,-0.85,22.0935,38000
2023-05-25 00:03:49,96,B+R,2,False,False,False,W,-0.85,22.289,38000
2023-05-25 00:05:55,98,W+0.5,10,False,False,False,,-0.85,22.3822,39000
2023-05-25 00:06:17,62,B+R,0,False,False,False,W,-0.85,22.4333,39000
2023-05-25 00:06:36,58,B+R,0,False,False,False,W,-0.85,22.4894,39000
2023-05-25 00:06:50,46,B+R,0,False,False,False,W,-0.85,22.3758,39000
2023-05-25 00:06:57,33,W+R,0,False,False,False,B,-0.85,22.3416,39000
2023-05-25 00:07:10,58,B+R,0,False,False,False,W,-0.85,22.2692,39000
2023-05-25 00:07:43,88,B+R,3,False,False,False,W,-0.85,22.4801,39000
2023-05-25 00:08:05,60,B+R,1,False,False,False,W,-0.85,22.5158,39000
2023-05-25 00:08:17,33,W+R,0,False,False,False,B,-0.85,22.4204,39000
2023-05-25 00:08:45,93,W+R,8,False,False,False,B,-0.85,22.5946,39000
2023-05-25 00:09:22,98,B+5.5,4,True,True,False,W,-0.85,22.7504,39000
2023-05-25 00:09:47,81,W+R,8,False,False,False,B,-0.85,22.7778,39000
2023-05-25 00:10:23,95,W+R,6,False,False,False,B,-0.85,22.8171,39000
2023-05-25 00:10:46,66,B+R,0,False,False,False,W,-0.85,22.9296,39000
2023-05-25 00:11:03,52,B+R,0,False,False,False,W,-0.85,22.88,39000
2023-05-25 00:11:18,63,W+R,0,False,False,False,B,-0.85,22.8351,39000
2023-05-25 00:11:45,105,W+R,6,False,False,False,B,-0.85,22.9268,39000
2023-05-25 00:12:27,97,W+R,2,False,False,False,B,-0.85,22.9267,39000
2023-05-25 00:12:52,71,W+R,0,False,False,False,B,-0.85,22.9203,39000
2023-05-25 00:13:04,32,B+R,0,False,False,False,W,-0.85,22.9281,39000
2023-05-25 00:13:26,68,B+R,2,False,False,False,W,-0.85,22.9243,39000
2023-05-25 00:13:35,44,B+R,0,False,False,False,W,-0.85,22.8985,39000
2023-05-25 00:13:57,73,W+R,8,False,False,False,B,-0.85,22.9044,39000
2023-05-25 00:14:33,95,W+R,10,False,False,False,B,-0.85,23.0475,39000
2023-05-25 00:15:08,89,W+R,6,False,False,False,B,-0.85,23.1619,39000
2023-05-25 00:15:33,65,W+R,4,False,False,False,B,-0.85,23.134,39000
2023-05-25 00:15:57,78,B+R,0,False,False,False,W,-0.85,23.185,39000
2023-05-25 00:16:24,81,W+R,4,False,False,False,B,-0.85,23.1999,39000
2023-05-25 00:16:41,70,B+R,0,False,False,False,W,-0.85,23.0991,39000
2023-05-25 00:16:49,32,B+R,0,False,False,False,W,-0.85,22.9133,39000
2023-05-25 00:16:57,32,B+R,0,False,False,False,W,-0.85,22.8564,39000
2023-05-25 00:17:08,32,B+R,0,False,False,False,W,-0.85,22.882,39000
2023-05-25 00:17:29,67,W+R,0,False,False,False,B,-0.85,22.8968,39000
2023-05-25 00:18:09,98,B+R,3,False,False,False,W,-0.85,23.1665,39000
2023-05-25 00:18:51,111,B+6.5,10,True,True,False,W,-0.85,23.3527,39000
2023-05-25 00:19:36,133,W+6.5,15,True,True,False,B,-0.85,23.6799,39000
2023-05-25 00:19:53,51,W+R,0,False,False,False,B,-0.85,23.6323,39000
2023-05-25 00:20:12,57,W+R,0,False,False,False,B,-0.85,23.6278,39000
2023-05-25 00:20:39,81,W+R,0,False,False,False,B,-0.85,23.6763,39000
2023-05-25 00:21:05,79,W+R,0,False,False,False,B,-0.85,23.5758,39000
2023-05-25 00:21:31,80,B+R,1,False,False,False,W,-0.85,23.7533,39000
2023-05-25 00:22:08,162,W+23.5,35,True,True,False,B,-0.85,23.9947,39000
2023-05-25 00:22:20,36,B+R,0,False,False,False,W,-0.85,23.9871,39000
2023-05-25 00:24:08,76,B+R,1,False,False,False,W,-0.85,23.7351,40000
2023-05-25 00:24:27,75,W+R,1,False,False,False,B,-0.85,23.6881,40000
2023-05-25 00:24:48,65,W+R,0,False,False,False,B,-0.85,23.7384,40000
2023-05-25 00:25:01,32,B+R,0,False,False,False,W,-0.85,23.6763,40000
2023-05-25 00:25:43,107,B+8.5,10,True,True,False,W,-0.85,23.9101,40000
2023-05-25 00:26:00,52,B+R,0,False,False,False,W,-0.85,23.8865,40000
2023-05-25 00:26:11,33,W+R,0,False,False,False,B,-0.85,23.8029,40000
2023-05-25 00:26:29,55,W+R,0,False,False,False,B,-0.85,23.8314,40000
2023-05-25 00:26:47,61,B+3.5,6,False,False,False,,-0.85,23.8474,40000
2023-05-25 00:27:19,91,B+6.5,5,True,True,False,W,-0.85,23.9999,40000
2023-05-25 00:27:28,32,B+R,0,False,False,False,W,-0.85,23.9171,40000
2023-05-25 00:27:40,32,B+R,0,False,False,False,W,-0.85,23.5616,40000
2023-05-25 00:27:51,36,B+R,0,False,False,False,W,-0.85,23.3814,40000
2023-05-25 00:28:06,52,B+R,0,False,False,False,W,-0.85,23.4215,40000
2023-05-25 00:28:19,34,B+R,0,False,False,False,W,-0.85,23.4265,40000
2023-05-25 00:28:32,38,B+R,0,False,False,False,W,-0.85,23.4658,40000
2023-05-25 00:28:45,39,W+R,0,False,False,False,B,-0.85,23.3122,40000
2023-05-25 00:29:03,51,W+R,0,False,False,False,B,-0.85,23.3069,40000
2023-05-25 00:29:22,59,W+R,0,False,False,False,B,-0.85,23.2652,40000
2023-05-25 00:29:30,39,W+R,0,False,False,False,B,-0.85,23.0806,40000
2023-05-25 00:29:46,59,W+R,0,False,False,False,B,-0.85,23.0814,40000
2023-05-25 00:30:02,48,B+R,0,False,False,False,W,-0.85,23.092,40000
2023-05-25 00:30:32,87,W+R,4,False,False,False,B,-0.85,22.9654,40000
2023-05-25 00:30:42,32,B+R,0,False,False,False,W,-0.85,22.8376,40000
2023-05-25 00:30:54,34,B+R,0,False,False,False,W,-0.85,22.7412,40000
2023-05-25 00:31:11,48,B+R,0,False,False,False,W,-0.85,22.5576,40000
2023-05-25 00:31:34,65,W+R,4,False,False,False,B,-0.85,22.3193,40000
2023-05-25 00:31:41,32,B+R,0,False,False,False,W,-0.85,22.2308,40000
2023-05-25 00:31:51,32,B+R,0,False,False,False,W,-0.85,22.0247,40000
2023-05-25 00:32:17,70,B+R,0,False,False,False,W,-0.85,22.0754,40000
2023-05-25 00:32:39,77,W+R,0,False,False,False,B,-0.85,22.0807,40000
2023-05-25 00:33:04,73,W+R,0,False,False,False,B,-0.85,22.1414,40000
2023-05-25 00:33:19,42,B+R,0,False,False,False,W,-0.85,22.1384,40000
2023-05-25 00:33:44,77,W+R,2,False,False,False,B,-0.85,22.1375,40000
2023-05-25 00:34:06,72,B+R,0,False,False,False,W,-0.85,22.2403,40000
2023-05-25 00:34:17,32,B+R,0,False,False,False,W,-0.85,22.1023,40000
2023-05-25 00:34:30,39,W+R,0,False,False,False,B,-0.85,21.8548,40000
2023-05-25 00:34:54,89,W+2.5,7,True,True,False,B,-0.85,21.9159,40000
2023-05-25 00:35:05,33,W+R,0,False,False,False,B,-0.85,21.7222,40000
2023-05-25 00:35:21,50,B+R,0,False,False,False,W,-0.85,21.5942,40000
2023-05-25 00:35:33,32,B+R,0,False,False,False,W,-0.85,21.3824,40000
2023-05-25 00:35:56,73,W+R,4,False,False,False,B,-0.85,21.4217,40000
2023-05-25 00:36:19,81,W+R,2,False,False,False,B,-0.85,21.3665,40000
2023-05-25 00:36:31,39,W+R,0,False,False,False,B,-0.85,21.199,40000
2023-05-25 00:36:41,32,B+R,0,False,False,False,W,-0.85,21.0031,40000
2023-05-25 00:37:01,59,W+R,1,False,False,False,B,-0.85,21.085,40000
2023-05-25 00:37:24,66,B+R,0,False,False,False,W,-0.85,21.1084,40000
2023-05-25 00:37:56,88,B+R,5,False,False,False,W,-0.85,21.2645,40000
2023-05-25 00:38:28,89,W+R,2,False,False,False,B,-0.85,21.4155,40000
2023-05-25 00:40:03,40,B+R,0,False,False,False,W,-0.85,21.1251,41000
2023-05-25 00:40:22,54,B+R,0,False,False,False,W,-0.85,21.0593,41000
2023-05-25 00:41:00,100,B+3.5,10,True,True,False,W,-0.85,20.9329,41000
2023-05-25 00:41:21,64,B+R,0,False,False,False,W,-0.85,20.876,41000
2023-05-25 00:41:43,55,W+R,0,False,False,False,B,-0.85,20.7475,41000
2023-05-25 00:42:04,58,B+R,0,False,False,False,W,-0.85,20.713,41000
2023-05-25 00:42:14,32,B+R,0,False,False,False,W,-0.85,20.4157,41000
2023-05-25 00:42:27,35,W+R,0,False,False,False,B,-0.85,20.3251,41000
2023-05-25 00:42:52,69,W+R,1,False,False,False,B,-0.85,20.3899,41000
2023-05-25 00:43:08,57,B+4.5,2,False,False,False,,-0.85,20.4065,41000
2023-05-25 00:43:23,57,W+R,0,False,False,False,B,-0.85,20.4829,41000
2023-05-25 00:43:45,59,W+R,1,False,False,False,B,-0.85,20.5815,41000
2023-05-25 00:44:15,88,B+2.5,5,True,True,False,W,-0.85,20.5468,41000
2023-05-25 00:44:31,40,B+R,0,False,False,False,W,-0.85,20.4914,41000
2023-05-25 00:45:10,95,B+2.5,6,True,True,False,W,-0.85,20.7634,41000
2023-05-25 00:45:34,65,B+3.5,2,True,True,False,W,-0.85,20.7158,41000
2023-05-25 00:45:55,59,W+R,0,False,False,False,B,-0.85,20.5544,41000
2023-05-25 00:46:17,62,B+R,0,False,False,False,W,-0.85,20.5252,41000
2023-05-25 00:46:46,79,W+R,3,False,False,False,B,-0.85,20.4578,41000
2023-05-25 00:47:06,73,W+R,4,False,False,False,B,-0.85,20.4351,41000
2023-05-25 00:47:20,46,B+R,0,False,False,False,W,-0.85,20.4064,41000
2023-05-25 00:48:19,157,W+R,21,False,False,False,B,-0.85,20.8353,41000
2023-05-25 00:48:52,86,B+R,0,False,False,False,W,-0.85,20.8953,41000
2023-05-25 00:49:11,56,B+R,0,False,False,False,W,-0.85,20.673,41000
2023-05-25 00:49:51,111,W+1.5,16,True,True,False,B,-0.85,20.8195,41000
2023-05-25 00:50:22,89,W+0.5,10,True,True,False,B,-0.85,21.0157,41000
2023-05-25 00:50:34,37,W+R,0,False,False,False,B,-0.85,20.9099,41000
2023-05-25 00:50:53,55,W+R,4,False,False,False,B,-0.85,21.0057,41000
2023-05-25 00:51:07,48,B+R,0,False,False,False,W,-0.85,20.9363,41000
2023-05-25 00:51:43,99,W+R,5,False,False,False,B,-0.85,20.9284,41000
2023-05-25 00:51:53,33,W+R,0,False,False,False,B,-0.85,20.6758,41000
2023-05-25 00:52:09,52,B+R,0,False,False,False,W,-0.85,20.594,41000
2023-05-25 00:52:31,79,W+R,2,False,False,False,B,-0.85,20.5715,41000
2023-05-25 00:52:52,66,B+R,1,False,False,False,W,-0.85,20.5171,41000
2023-05-25 00:53:06,42,B+R,0,False,False,False,W,-0.85,20.4799,41000
2023-05-25 00:53:17,33,W+R,0,False,False,False,B,-0.85,20.5107,41000
2023-05-25 00:53:28,40,B+R,0,False,False,False,W,-0.85,20.5395,41000
2023-05-25 00:54:01,79,W+R,4,False,False,False,B,-0.85,20.7621,41000
2023-05-25 00:54:32,81,B+3.5,8,True,True,False,W,-0.85,20.8606,41000
2023-05-25 00:55:05,95,W+R,9,False,False,False,B,-0.85,20.7951,41000
2023-05-25 00:55:20,46,B+R,0,False,False,False,W,-0.85,20.5178,41000
2023-05-25 00:55:41,58,B+R,0,False,False,False,W,-0.85,20.2829,41000
2023-05-25 00:55:51,33,W+R,0,False,False,False,B,-0.85,20.2096,41000
2023-05-25 00:57:32,33,W+R,0,False,False,False,B,-0.85,19.9807,42000
2023-05-25 00:57:52,66,B+R,1,False,False,False,W,-0.85,19.9267,42000
2023-05-25 00:58:27,91,W+R,9,False,False,False,B,-0.85,20.0237,42000
2023-05-25 00:58:43,54,B+0.5,4,True,True,False,W,-0.85,19.8124,42000
2023-05-25 00:59:08,65,W+R,0,False,False,False,B,-0.85,19.935,42000
2023-05-25 00:59:18,32,B+R,0,False,False,False,W,-0.85,19.9294,42000
2023-05-25 00:59:35,46,B+R,0,False,False,False,W,-0.85,19.8279,42000
2023-05-25 00:59:49,48,B+R,0,False,False,False,W,-0.85,19.7841,42000
2023-05-25 01:00:13,69,W+R,2,False,False,False,B,-0.85,19.8148,42000
2023-05-25 01:00:34,68,B+R,2,False,False,False,W,-0.85,19.8901,42000
2023-05-25 01:01:04,86,B+R,5,False,False,False,W,-0.85,19.7809,42000
2023-05-25 01:01:15,32,B+R,0,False,False,False,W,-0.85,19.7165,42000
2023-05-25 01:01:49,103,W+R,14,False,False,False,B,-0.85,19.9475,42000
2023-05-25 01:02:16,81,W+R,4,False,False,False,B,-0.85,20.0426,42000
2023-05-25 01:02:26,33,W+R,0,False,False,False,B,-0.85,19.9499,42000
2023-05-25 01:02:48,73,B+0.5,6,True,True,False,W,-0.85,19.8566,42000
2023-05-25 01:03:08,67,W+R,1,False,False,False,B,-0.85,19.9604,42000
2023-05-25 01:03:29,69,W+R,1,False,False,False,B,-0.85,20.0619,42000
2023-05-25 01:03:53,74,B+R,0,False,False,False,W,-0.85,20.1851,42000
2023-05-25 01:04:03,33,W+R,0,False,False,False,B,-0.85,20.1322,42000
2023-05-25 01:04:15,32,B+R,0,False,False,False,W,-0.85,20.1244,42000
2023-05-25 01:04:28,38,B+R,0,False,False,False,W,-0.85,20.116,42000
2023-05-25 01:04:48,55,W+R,1,False,False,False,B,-0.85,20.1929,42000
2023-05-25 01:04:59,32,B+R,0,False,False,False,W,-0.85,20.1253,42000
2023-05-25 01:05:35,107,W+1.5,16,True,True,False,B,-0.85,20.2974,42000
2023-05-25 01:05:46,33,W+R,0,False,False,False,B,-0.85,20.3235,42000
2023-05-25 01:06:28,162,W+6.5,36,True,True,False,B,-0.85,20.5855,42000
2023-05-25 01:06:48,60,B+R,2,False,False,False,W,-0.85,20.6172,42000
2023-05-25 01:06:57,32,B+R,0,False,False,False,W,-0.85,20.4174,42000
2023-05-25 01:07:17,67,W+R,0,False,False,False,B,-0.85,20.51,42000
2023-05-25 01:07:39,72,B+R,0,False,False,False,W,-0.85,20.6112,42000
2023-05-25 01:08:14,94,B+R,8,False,False,False,W,-0.85,20.7938,42000
2023-05-25 01:08:28,42,B+R,0,False,False,False,W,-0.85,20.7001,42000
2023-05-25 01:08:40,37,W+R,0,False,False,False,B,-0.85,20.7476,42000
2023-05-25 01:09:03,67,W+R,0,False,False,False,B,-0.85,20.8857,42000
2023-05-25 01:09:50,130,B+2.5,25,True,True,False,W,-0.85,21.0936,42000
2023-05-25 01:10:09,62,B+R,0,False,False,False,W,-0.85,21.0583,42000
2023-05-25 01:10:33,87,B+3.5,4,True,True,False,W,-0.85,21.0553,42000
2023-05-25 01:10:44,35,W+R,0,False,False,False,B,-0.85,21.0175,42000
2023-05-25 01:10:57,34,B+R,0,False,False,False,W,-0.85,20.8973,42000
2023-05-25 01:11:11,44,B+R,0,False,False,False,W,-0.85,20.8077,42000
2023-05-25 01:11:44,95,W+2.5,14,True,True,False,B,-0.85,21.0299,42000
2023-05-25 01:12:13,76,B+R,2,False,False,False,W,-0.85,21.1895,42000
2023-05-25 01:13:47,32,B+R,0,False,False,False,W,-0.85,21.1437,43000
2023-05-25 01:14:21,84,B+R,6,False,False,False,W,-0.85,21.3174,43000
2023-05-25 01:14:37,48,B+R,0,False,False,False,W,-0.85,21.3592,43000
2023-05-25 01:14:58,63,W+R,0,False,False,False,B,-0.85,21.3321,43000
2023-05-25 01:15:08,32,B+R,0,False,False,False,W,-0.85,21.2109,43000
2023-05-25 01:15:37,83,W+R,3,False,False,False,B,-0.85,21.3807,43000
2023-05-25 01:15:45,33,W+R,0,False,False,False,B,-0.85,21.3573,43000
2023-05-25 01:16:03,77,W+R,4,False,False,False,B,-0.85,21.3322,43000
2023-05-25 01:16:11,32,B+R,0,False,False,False,W,-0.85,21.1844,43000
2023-05-25 01:16:18,32,B+R,0,False,False,False,W,-0.85,20.9388,43000
2023-05-25 01:16:36,60,B+R,0,False,False,False,W,-0.85,20.806,43000
2023-05-25 01:16:55,54,B+R,0,False,False,False,W,-0.85,20.837,43000
2023-05-25 01:17:07,33,W+R,0,False,False,False,B,-0.85,20.8119,43000
2023-05-25 01:17:18,33,W+R,0,False,False,False,B,-0.85,20.735,43000
2023-05-25 01:17:40,68,B+R,0,False,False,False,W,-0.85,20.5851,43000
2023-05-25 01:17:50,33,W+R,0,False,False,False,B,-0.85,20.4703,43000
2023-05-25 01:18:08,57,W+R,0,False,False,False,B,-0.85,20.4289,43000
2023-05-25 01:18:24,53,W+R,0,False,False,False,B,-0.85,20.3766,43000
2023-05-25 01:18:32,39,W+R,0,False,False,False,B,-0.85,20.3649,43000
2023-05-25 01:19:11,112,B+2.5,20,True,True,False,W,-0.85,20.6188,43000
2023-05-25 01:19:21,32,B+R,0,False,False,False,W,-0.85,20.4714,43000
2023-05-25 01:19:30,42,B+R,0,False,False,False,W,-0.85,20.3968,43000
2023-05-25 01:19:42,42,B+R,0,False,False,False,W,-0.85,20.3772,43000
2023-05-25 01:19:50,33,W+R,0,False,False,False,B,-0.85,20.2297,43000
2023-05-25 01:20:10,87,B+1.5,4,False,False,False,,-0.85,20.1308,43000
2023-05-25 01:20:20,37,W+R,0,False,False,False,B,-0.85,20.0749,43000
2023-05-25 01:20:40,92,W+0.5,6,True,True,False,B,-0.85,19.8742,43000
2023-05-25 01:21:03,68,B+R,4,False,False,False,W,-0.85,19.8778,43000
2023-05-25 01:21:27,64,W+0.5,2,False,False,False,,-0.85,19.907,43000
2023-05-25 01:21:45,64,B+R,0,False,False,False,W,-0.85,19.8572,43000
2023-05-25 01:22:18,95,W+R,6,False,False,False,B,-0.85,19.9001,43000
2023-05-25 01:22:35,50,B+R,0,False,False,False,W,-0.85,19.8647,43000
2023-05-25 01:22:57,66,B+R,2,False,False,False,W,-0.85,19.9457,43000
2023-05-25 01:23:10,44,B+R,0,False,False,False,W,-0.85,19.4921,43000
2023-05-25 01:23:33,75,W+R,0,False,False,False,B,-0.85,19.3937,43000
2023-05-25 01:23:49,51,W+R,0,False,False,False,B,-0.85,19.3586,43000
2023-05-25 01:24:05,54,B+R,0,False,False,False,W,-0.85,19.1246,43000
2023-05-25 01:24:16,36,B+R,0,False,False,False,W,-0.85,18.9132,43000
2023-05-25 01:24:35,58,B+R,0,False,False,False,W,-0.85,18.9819,43000
2023-05-25 01:24:48,40,B+R,0,False,False,False,W,-0.85,18.9243,43000
2023-05-25 01:25:25,109,B+1.5,14,True,True,False,W,-0.85,19.1558,43000
2023-05-25 01:25:37,44,B+R,0,False,False,False,W,-0.85,18.9235,43000
2023-05-25 01:25:53,48,B+R,0,False,False,False,W,-0.85,18.9856,43000
2023-05-25 01:26:28,103,W+R,14,False,False,False,B,-0.85,19.1695,43000
2023-05-25 01:26:50,74,B+1.5,4,False,False,False,,-0.85,19.1634,43000
2023-05-25 01:27:06,47,W+R,0,False,False,False,B,-0.85,19.11,43000
2023-05-25 01:27:21,52,B+R,0,False,False,False,W,-0.85,19.1322,43000
2023-05-25 01:27:36,46,B+R,0,False,False,False,W,-0.85,19.173,43000
2023-05-25 01:28:00,72,B+R,0,False,False,False,W,-0.85,19.2984,43000
2023-05-25 01:28:11,33,W+R,0,False,False,False,B,-0.85,19.0781,43000
2023-05-25 01:28:21,33,W+R,0,False,False,False,B,-0.85,18.8683,43000
2023-05-25 01:28:46,68,B+R,0,False,False,False,W,-0.85,18.7809,43000
2023-05-25 01:30:27,59,W+0.5,4,False,False,False,,-0.85,18.8185,44000
2023-05-25 01:30:51,60,B+R,0,False,False,False,W,-0.85,18.9661,44000
2023-05-25 01:31:16,64,B+R,0,False,False,False,W,-0.85,19.0806,44000
2023-05-25 01:31:48,84,B+R,3,False,False,False,W,-0.85,19.2996,44000
2023-05-25 01:32:14,73,W+R,2,False,False,False,B,-0.85,19.3539,44000
2023-05-25 01:32:31,54,B+R,0,False,False,False,W,-0.85,19.1698,44000
2023-05-25 01:32:45,46,B+R,0,False,False,False,W,-0.85,19.1515,44000
2023-05-25 01:33:23,162,W+8.5,22,False,False,False,,-0.85,19.288,44000
2023-05-25 01:33:40,53,W+R,0,False,False,False,B,-0.85,19.3598,44000
2023-05-25 01:33:51,32,B+R,0,False,False,False,W,-0.85,19.3008,44000
2023-05-25 01:34:07,47,W+R,1,False,False,False,B,-0.85,19.3187,44000
2023-05-25 01:34:28,63,W+R,0,False,False,False,B,-0.85,19.2841,44000
2023-05-25 01:34:51,64,B+R,0,False,False,False,W,-0.85,19.3152,44000
2023-05-25 01:35:01,32,B+R,0,False,False,False,W,-0.85,19.1096,44000
2023-05-25 01:35:36,103,W+4.5,16,True,True,False,B,-0.85,19.3403,44000
2023-05-25 01:36:08,82,B+R,6,False,False,False,W,-0.85,19.3218,44000
2023-05-25 01:36:18,33,W+R,0,False,False,False,B,-0.85,19.1577,44000
2023-05-25 01:36:37,59,W+R,0,False,False,False,B,-0.85,19.2508,44000
2023-05-25 01:36:48,33,W+R,0,False,False,False,B,-0.85,19.1417,44000
2023-05-25 01:37:16,73,W+R,0,False,False,False,B,-0.85,19.2224,44000
2023-05-25 01:37:36,61,W+R,0,False,False,False,B,-0.85,19.2091,44000
2023-05-25 01:38:06,79,W+R,6,False,False,False,B,-0.85,19.2663,44000
2023-05-25 01:38:31,71,W+R,2,False,False,False,B,-0.85,19.4211,44000
2023-05-25 01:38:45,42,B+R,0,False,False,False,W,-0.85,19.4357,44000
2023-05-25 01:39:18,98,B+1.5,13,True,True,False,W,-0.85,19.6439,44000
2023-05-25 01:39:29,32,B+R,0,False,False,False,W,-0.85,19.5475,44000
2023-05-25 01:39:37,33,W+R,0,False,False,False,B,-0.85,19.5102,44000
2023-05-25 01:39:49,47,W+R,2,False,False,False,B,-0.85,19.2749,44000
2023-05-25 01:40:24,99,W+5.5,11,True,True,False,B,-0.85,19.5146,44000
2023-05-25 01:40:36,34,B+R,0,False,False,False,W,-0.85,19.2171,44000
2023-05-25 01:40:47,33,W+R,0,False,False,False,B,-0.85,19.1312,44000
2023-05-25 01:41:04,56,B+R,0,False,False,False,W,-0.85,19.2103,44000
2023-05-25 01:41:16,32,B+R,0,False,False,False,W,-0.85,19.1366,44000
2023-05-25 01:41:33,50,B+R,0,False,False,False,W,-0.85,19.0824,44000
2023-05-25 01:41:54,61,W+R,0,False,False,False,B,-0.85,18.938,44000
2023-05-25 01:42:23,78,B+R,3,False,False,False,W,-0.85,19.0867,44000
2023-05-25 01:42:41,66,B+R,0,False,False,False,W,-0.85,19.1495,44000
2023-05-25 01:43:03,73,W+R,0,False,False,False,B,-0.85,19.1316,44000
2023-05-25 01:43:14,33,W+R,0,False,False,False,B,-0.85,18.7759,44000
2023-05-25 01:43:25,35,W+R,0,False,False,False,B,-0.85,18.7,44000
2023-05-25 01:43:39,52,B+R,0,False,False,False,W,-0.85,18.6003,44000
2023-05-25 01:43:48,38,B+R,0,False,False,False,W,-0.85,18.5775,44000
2023-05-25 01:45:29,38,B+R,0,False,False,False,W,-0.85,18.6476,45000
2023-05-25 01:45:53,78,B+R,0,False,False,False,W,-0.85,18.5621,45000
2023-05-25 01:46:18,71,W+R,0,False,False,False,B,-0.85,18.5149,45000
2023-05-25 01:46:31,42,B+R,0,False,False,False,W,-0.85,18.4679,45000
2023-05-25 01:47:01,89,W+R,10,False,False,False,B,-0.85,18.6515,45000
2023-05-25 01:47:25,73,W+R,1,False,False,False,B,-0.85,18.5577,45000
2023-05-25 01:47:35,32,B+R,0,False,False,False,W,-0.85,18.4953,45000
2023-05-25 01:48:01,75,W+R,5,False,False,False,B,-0.85,18.5435,45000
2023-05-25 01:48:16,46,B+R,0,False,False,False,W,-0.85,18.5902,45000
2023-05-25 01:48:35,58,B+R,0,False,False,False,W,-0.85,18.4981,45000
2023-05-25 01:49:28,162,W+5.5,28,True,True,False,B,-0.85,18.9424,45000
2023-05-25 01:49:45,52,B+R,0,False,False,False,W,-0.85,18.9308,45000
2023-05-25 01:50:07,67,W+R,2,False,False,False,B,-0.85,19.0727,45000
2023-05-25 01:50:30,61,W+R,0,False,False,False,B,-0.85,19.2302,45000
2023-05-25 01:50:57,75,W+R,0,False,False,False,B,-0.85,19.3188,45000
2023-05-25 01:51:33,101,W+2.5,15,True,True,False,B,-0.85,19.4919,45000
2023-05-25 01:51:58,73,W+R,2,False,False,False,B,-0.85,19.6226,45000
2023-05-25 01:52:09,33,W+R,0,False,False,False,B,-0.85,19.6245,45000
2023-05-25 01:52:32,67,W+R,0,False,False,False,B,-0.85,19.6313,45000
2023-05-25 01:52:55,69,W+R,2,False,False,False,B,-0.85,19.7607,45000
2023-05-25 01:53:23,87,W+R,10,False,False,False,B,-0.85,19.8617,45000
2023-05-25 01:53:36,42,B+R,0,False,False,False,W,-0.85,19.8314,45000
2023-05-25 01:53:56,52,B+R,0,False,False,False,W,-0.85,19.9436,45000
2023-05-25 01:54:10,43,W+R,0,False,False,False,B,-0.85,19.7062,45000
2023-05-25 01:54:21,32,B+R,0,False,False,False,W,-0.85,19.7159,45000
2023-05-25 01:54:42,64,B+R,4,False,False,False,W,-0.85,19.8345,45000
2023-05-25 01:54:58,48,B+R,0,False,False,False,W,-0.85,19.8633,45000
2023-05-25 01:55:08,32,B+R,0,False,False,False,W,-0.85,19.892,45000
2023-05-25 01:55:31,62,B+R,2,False,False,False,W,-0.85,19.9197,45000
2023-05-25 01:55:42,32,B+R,0,False,False,False,W,-0.85,19.9293,45000
2023-05-25 01:56:09,71,W+R,2,False,False,False,B,-0.85,20.0109,45000
2023-05-25 01:56:19,32,B+R,0,False,False,False,W,-0.85,19.8674,45000
2023-05-25 01:56:29,32,B+R,0,False,False,False,W,-0.85,19.7265,45000
2023-05-25 01:56:56,88,W+4.5,9,True,True,False,B,-0.85,19.8225,45000
2023-05-25 01:57:15,51,W+R,0,False,False,False,B,-0.85,19.681,45000
2023-05-25 01:57:39,67,W+R,0,False,False,False,B,-0.85,19.7559,45000
2023-05-25 01:58:03,72,B+R,0,False,False,False,W,-0.85,19.7731,45000
2023-05-25 01:58:28,77,W+R,1,False,False,False,B,-0.85,19.8881,45000
2023-05-25 01:58:38,32,B+R,0,False,False,False,W,-0.85,19.7623,45000
2023-05-25 01:58:52,42,B+R,0,False,False,False,W,-0.85,19.7417,45000
2023-05-25 01:59:04,36,B+R,0,False,False,False,W,-0.85,19.6957,45000
2023-05-25 01:59:18,44,B+R,0,False,False,False,W,-0.85,19.7343,45000
2023-05-25 01:59:28,32,B+R,0,False,False,False,W,-0.85,19.6512,45000
2023-05-25 01:59:40,32,B+R,0,False,False,False,W,-0.85,19.6395,45000
2023-05-25 02:00:01,73,B+6.5,5,True,True,False,W,-0.85,19.4749,45000
2023-05-25 02:01:40,38,B+R,0,False,False,False,W,-0.85,19.4686,46000
2023-05-25 02:01:52,36,B+R,0,False,False,False,W,-0.85,19.2397,46000
2023-05-25 02:02:07,58,B+R,0,False,False,False,W,-0.85,19.1737,46000
2023-05-25 02:02:46,119,W+R,23,False,False,False,B,-0.85,19.4026,46000
2023-05-25 02:02:58,34,B+R,0,False,False,False,W,-0.85,19.3638,46000
2023-05-25 02:03:35,99,W+R,11,False,False,False,B,-0.85,19.5927,46000
2023-05-25 02:03:53,52,B+R,0,False,False,False,W,-0.85,19.5309,46000
2023-05-25 02:04:04,34,B+R,0,False,False,False,W,-0.85,19.536,46000
2023-05-25 02:04:19,40,B+R,0,False,False,False,W,-0.85,19.5824,46000
2023-05-25 02:04:35,47,W+R,0,False,False,False,B,-0.85,19.4895,46000
2023-05-25 02:05:04,86,B+3.5,3,True,True,False,W,-0.85,19.5671,46000
2023-05-25 02:05:41,115,B+0.5,14,True,True,False,W,-0.85,19.7564,46000
2023-05-25 02:05:52,32,B+R,0,False,False,False,W,-0.85,19.623,46000
2023-05-25 02:06:03,32,B+R,0,False,False,False,W,-0.85,19.4858,46000
2023-05-25 02:06:25,80,B+R,5,False,False,False,W,-0.85,19.3841,46000
2023-05-25 02:06:40,44,B+R,0,False,False,False,W,-0.85,19.2746,46000
2023-05-25 02:06:56,48,B+R,0,False,False,False,W,-0.85,19.2646,46000
2023-05-25 02:07:06,32,B+R,0,False,False,False,W,-0.85,19.2242,46000
2023-05-25 02:07:21,46,B+R,0,False,False,False,W,-0.85,19.0001,46000
2023-05-25 02:07:37,46,B+R,0,False,False,False,W,-0.85,18.9815,46000
2023-05-25 02:08:01,67,B+0.5,2,False,False,False,,-0.85,19.1165,46000
2023-05-25 02:08:25,70,B+R,0,False,False,False,W,-0.85,19.1998,46000
2023-05-25 02:09:14,133,W+2.5,23,True,True,False,B,-0.85,19.4771,46000
2023-05-25 02:09:35,68,B+R,0,False,False,False,W,-0.85,19.4569,46000
2023-05-25 02:09:50,42,B+R,0,False,False,False,W,-0.85,19.4988,46000
2023-05-25 02:10:05,43,W+R,0,False,False,False,B,-0.85,19.3032,46000
2023-05-25 02:10:20,54,B+R,0,False,False,False,W,-0.85,19.1401,46000
2023-05-25 02:10:37,54,B+R,0,False,False,False,W,-0.85,19.204,46000
2023-05-25 02:10:54,58,B+R,0,False,False,False,W,-0.85,19.1858,46000
2023-05-25 02:11:06,42,B+R,0,False,False,False,W,-0.85,19.1982,46000
2023-05-25 02:11:35,81,W+R,1,False,False,False,B,-0.85,19.2033,46000
2023-05-25 02:12:05,81,B+1.5,4,True,True,False,W,-0.85,19.3023,46000
2023-05-25 02:12:16,32,B+R,0,False,False,False,W,-0.85,19.1148,46000
2023-05-25 02:12:39,62,B+R,0,False,False,False,W,-0.85,19.091,46000
2023-05-25 02:12:48,33,W+R,0,False,False,False,B,-0.85,19.0499,46000
2023-05-25 02:13:02,42,B+R,0,False,False,False,W,-0.85,18.8535,46000
2023-05-25 02:13:14,38,B+R,0,False,False,False,W,-0.85,18.8591,46000
2023-05-25 02:13:29,44,B+R,0,False,False,False,W,-0.85,18.9383,46000
2023-05-25 02:13:56,78,B+R,2,False,False,False,W,-0.85,19.0823,46000
2023-05-25 02:14:27,86,B+R,2,False,False,False,W,-0.85,19.0429,46000
2023-05-25 02:15:03,123,B+2.5,21,True,True,False,W,-0.85,19.283,46000
2023-05-25 02:15:14,38,B+R,0,False,False,False,W,-0.85,19.2821,46000
2023-05-25 02:15:30,52,B+R,0,False,False,False,W,-0.85,19.2734,46000
2023-05-25 02:15:44,36,B+R,0,False,False,False,W,-0.85,19.2862,46000
2023-05-25 02:17:30,42,B+R,0,False,False,False,W,-0.85,19.2199,47000
2023-05-25 02:18:01,100,B+R,3,False,False,False,W,-0.85,19.2459,47000
2023-05-25 02:18:15,46,B+R,0,False,False,False,W,-0.85,19.2042,47000
2023-05-25 02:18:26,42,B+R,0,False,False,False,W,-0.85,19.1014,47000
2023-05-25 02:18:54,76,B+R,0,False,False,False,W,-0.85,19.2643,47000
2023-05-25 02:19:14,65,W+R,0,False,False,False,B,-0.85,19.3511,47000
2023-05-25 02:19:27,43,W+R,0,False,False,False,B,-0.85,19.3448,47000
2023-05-25 02:19:39,48,B+R,0,False,False,False,W,-0.85,19.3651,47000
2023-05-25 02:20:01,67,W+R,0,False,False,False,B,-0.85,19.3854,47000
2023-05-25 02:20:12,33,W+R,0,False,False,False,B,-0.85,19.3673,47000
2023-05-25 02:20:24,36,B+R,0,False,False,False,W,-0.85,19.2393,47000
2023-05-25 02:20:43,59,W+R,0,False,False,False,B,-0.85,19.1877,47000
2023-05-25 02:21:12,77,W+R,8,False,False,False,B,-0.85,19.3369,47000
2023-05-25 02:21:32,64,B+R,3,False,False,False,W,-0.85,19.2448,47000
2023-05-25 02:21:56,72,B+R,1,False,False,False,W,-0.85,19.2434,47000
2023-05-25 02:22:37,125,B+5.5,10,True,True,False,W,-0.85,19.5563,47000
2023-05-25 02:23:03,69,W+R,0,False,False,False,B,-0.85,19.5608,47000
2023-05-25 02:23:18,46,B+R,0,False,False,False,W,-0.85,19.5577,47000
2023-05-25 02:23:52,119,W+R,12,False,False,False,B,-0.85,19.6979,47000
2023-05-25 02:24:06,47,W+R,0,False,False,False,B,-0.85,19.316,47000
2023-05-25 02:24:22,50,B+R,0,False,False,False,W,-0.85,19.3111,47000
2023-05-25 02:24:41,62,B+R,0,False,False,False,W,-0.85,19.2795,47000
2023-05-25 02:24:54,36,B+R,0,False,False,False,W,-0.85,19.1711,47000
2023-05-25 02:25:29,113,W+1.5,22,True,True,False,B,-0.85,19.2587,47000
2023-05-25 02:25:39,32,B+R,0,False,False,False,W,-0.85,18.9911,47000
2023-05-25 02:25:51,42,B+R,0,False,False,False,W,-0.85,18.8693,47000
2023-05-25 02:26:44,152,B+3.5,35,True,True,False,W,-0.85,19.2778,47000
2023-05-25 02:26:56,34,B+R,0,False,False,False,W,-0.85,19.169,47000
2023-05-25 02:27:07,40,B+R,0,False,False,False,W,-0.85,19.0579,47000
2023-05-25 02:27:19,32,B+R,0,False,False,False,W,-0.85,18.891,47000
2023-05-25 02:27:30,47,W+R,0,False,False,False,B,-0.85,18.8736,47000
2023-05-25 02:27:39,34,B+R,0,False,False,False,W,-0.85,18.764,47000
2023-05-25 02:27:50,33,W+R,0,False,False,False,B,-0.85,18.7355,47000
2023-05-25 02:28:02,33,W+R,0,False,False,False,B,-0.85,18.7412,47000
2023-05-25 02:28:16,43,W+R,0,False,False,False,B,-0.85,18.6723,47000
2023-05-25 02:28:52,88,B+R,2,False,False,False,W,-0.85,18.8797,47000
2023-05-25 02:29:22,83,W+R,3,False,False,False,B,-0.85,19.0779,47000
2023-05-25 02:29:52,76,B+R,3,False,False,False,W,-0.85,19.1412,47000
2023-05-25 02:30:18,66,B+R,0,False,False,False,W,-0.85,19.2912,47000
2023-05-25 02:30:45,74,B+R,1,False,False,False,W,-0.85,19.2868,47000
2023-05-25 02:31:08,78,B+R,0,False,False,False,W,-0.85,19.4257,47000
2023-05-25 02:31:25,52,B+R,0,False,False,False,W,-0.85,19.4966,47000
2023-05-25 02:31:48,71,W+R,0,False,False,False,B,-0.85,19.4561,47000
2023-05-25 02:31:59,32,B+R,0,False,False,False,W,-0.85,19.3708,47000
2023-05-25 02:33:52,87,W+2.5,10,True,True,False,B,-0.85,19.3263,48000
2023-05-25 02:34:20,83,W+R,7,False,False,False,B,-0.85,19.3656,48000
2023-05-25 02:34:31,33,W+R,0,False,False,False,B,-0.85,19.3667,48000
2023-05-25 02:34:59,82,B+R,4,False,False,False,W,-0.85,19.5104,48000
2023-05-25 02:35:15,49,W+R,0,False,False,False,B,-0.85,19.5486,48000
2023-05-25 02:35:29,62,B+R,0,False,False,False,W,-0.85,19.5446,48000
2023-05-25 02:35:53,75,W+R,5,False,False,False,B,-0.85,19.6782,48000
2023-05-25 02:36:03,38,B+R,0,False,False,False,W,-0.85,19.6649,48000
2023-05-25 02:36:28,67,W+R,0,False,False,False,B,-0.85,19.7085,48000
2023-05-25 02:36:48,60,B+R,0,False,False,False,W,-0.85,19.7566,48000
2023-05-25 02:36:56,35,W+R,0,False,False,False,B,-0.85,19.7073,48000
2023-05-25 02:37:11,51,W+R,0,False,False,False,B,-0.85,19.7405,48000
2023-05-25 02:37:46,117,B+7.5,12,True,True,False,W,-0.85,19.9381,48000
2023-05-25 02:38:11,89,W+R,4,False,False,False,B,-0.85,19.8054,48000
2023-05-25 02:38:41,89,B+2.5,5,True,True,False,W,-0.85,19.979,48000
2023-05-25 02:38:52,33,W+R,0,False,False,False,B,-0.85,19.716,48000
2023-05-25 02:39:22,81,W+R,2,False,False,False,B,-0.85,19.8382,48000
2023-05-25 02:39:39,52,B+R,0,False,False,False,W,-0.85,19.8926,48000
2023-05-25 02:39:49,35,W+R,0,False,False,False,B,-0.85,19.8525,48000
2023-05-25 02:40:07,54,B+R,0,False,False,False,W,-0.85,19.8695,48000
2023-05-25 02:40:31,75,W+R,1,False,False,False,B,-0.85,19.8275,48000
2023-05-25 02:40:57,79,W+R,3,False,False,False,B,-0.85,19.7082,48000
2023-05-25 02:41:21,76,W+0.5,8,False,False,False,,-0.85,19.8342,48000
2023-05-25 02:41:34,53,W+R,0,False,False,False,B,-0.85,19.8606,48000
2023-05-25 02:41:49,44,B+R,0,False,False,False,W,-0.85,19.789,48000
2023-05-25 02:42:08,69,W+R,0,False,False,False,B,-0.85,19.829,48000
2023-05-25 02:42:29,60,B+R,0,False,False,False,W,-0.85,19.8815,48000
2023-05-25 02:42:38,32,B+R,0,False,False,False,W,-0.85,19.8683,48000
2023-05-25 02:42:51,44,B+R,0,False,False,False,W,-0.85,19.8486,48000
2023-05-25 02:43:03,33,W+R,0,False,False,False,B,-0.85,19.8051,48000
2023-05-25 02:43:24,64,B+R,0,False,False,False,W,-0.85,19.7762,48000
2023-05-25 02:43:44,71,B+1.5,4,False,False,False,,-0.85,19.7359,48000
2023-05-25 02:43:54,32,B+R,0,False,False,False,W,-0.85,19.3475,48000
2023-05-25 02:44:23,91,W+R,2,False,False,False,B,-0.85,19.4295,48000
2023-05-25 02:44:41,50,B+R,1,False,False,False,W,-0.85,19.4567,48000
2023-05-25 02:44:54,42,B+R,0,False,False,False,W,-0.85,19.4498,48000
2023-05-25 02:45:05,32,B+R,0,False,False,False,W,-0.85,19.3944,48000
2023-05-25 02:45:16,44,B+R,0,False,False,False,W,-0.85,19.3405,48000
2023-05-25 02:45:41,78,B+R,0,False,False,False,W,-0.85,19.4155,48000
2023-05-25 02:45:57,57,W+R,0,False,False,False,B,-0.85,19.4581,48000
2023-05-25 02:46:07,33,W+R,0,False,False,False,B,-0.85,19.2763,48000
2023-05-25 02:46:18,33,W+R,0,False,False,False,B,-0.85,19.0762,48000
2023-05-25 02:46:30,53,W+R,0,False,False,False,B,-0.85,19.0879,48000
2023-05-25 02:47:02,137,B+7.5,26,True,True,False,W,-0.85,19.1766,48000
2023-05-25 02:48:45,46,B+R,0,False,False,False,W,-0.85,19.22,49000
2023-05-25 02:48:59,40,B+R,0,False,False,False,W,-0.85,19.2417,49000
2023-05-25 02:49:32,96,B+9.5,11,True,True,False,W,-0.85,19.4164,49000
2023-05-25 02:49:43,33,W+R,0,False,False,False,B,-0.85,19.2599,49000
2023-05-25 02:49:55,51,W+R,0,False,False,False,B,-0.85,19.0673,49000
2023-05-25 02:50:02,32,B+R,0,False,False,False,W,-0.85,18.7855,49000
2023-05-25 02:50:22,81,B+5.5,3,True,True,False,W,-0.85,18.8742,49000
2023-05-25 02:50:33,32,B+R,0,False,False,False,W,-0.85,18.8123,49000
2023-05-25 02:50:55,72,B+R,0,False,False,False,W,-0.85,18.9031,49000
2023-05-25 02:51:13,59,W+R,1,False,False,False,B,-0.85,18.9067,49000
2023-05-25 02:51:29,46,B+R,0,False,False,False,W,-0.85,18.9302,49000
2023-05-25 02:51:51,63,W+R,0,False,False,False,B,-0.85,18.8399,49000
2023-05-25 02:52:36,135,W+R,19,False,False,False,B,-0.85,19.1529,49000
2023-05-25 02:52:59,69,B+1.5,3,False,False,False,,-0.85,19.2683,49000
2023-05-25 02:53:09,33,W+R,0,False,False,False,B,-0.85,19.0958,49000
2023-05-25 02:53:24,45,W+R,0,False,False,False,B,-0.85,19.0377,49000
2023-05-25 02:53:37,46,B+R,0,False,False,False,W,-0.85,19.0386,49000
2023-05-25 02:53:55,56,B+R,0,False,False,False,W,-0.85,19.1047,49000
2023-05-25 02:54:29,97,W+R,13,False,False,False,B,-0.85,19.2199,49000
2023-05-25 02:54:39,32,B+R,0,False,False,False,W,-0.85,19.2063,49000
2023-05-25 02:55:01,65,W+R,0,False,False,False,B,-0.85,19.3116,49000
2023-05-25 02:55:09,33,W+R,0,False,False,False,B,-0.85,19.1984,49000
2023-05-25 02:55:20,41,W+R,0,False,False,False,B,-0.85,19.0264,49000
2023-05-25 02:55:39,66,B+R,0,False,False,False,W,-0.85,19.0042,49000
2023-05-25 02:55:51,36,B+R,0,False,False,False,W,-0.85,18.8912,49000
2023-05-25 02:56:03,32,B+R,0,False,False,False,W,-0.85,18.5928,49000
2023-05-25 02:56:25,75,W+R,3,False,False,False,B,-0.85,18.5589,49000
2023-05-25 02:56:35,33,W+R,0,False,False,False,B,-0.85,18.5101,49000
2023-05-25 02:56:45,33,W+R,0,False,False,False,B,-0.85,18.27,49000
2023-05-25 02:57:11,72,B+R,0,False,False,False,W,-0.85,18.3841,49000
2023-05-25 02:57:22,34,B+R,0,False,False,False,W,-0.85,18.3369,49000
2023-05-25 02:57:29,32,B+R,0,False,False,False,W,-0.85,18.2166,49000
2023-05-25 02:57:47,57,W+R,2,False,False,False,B,-0.85,18.2752,49000
2023-05-25 02:57:59,34,B+R,0,False,False,False,W,-0.85,18.0401,49000
2023-05-25 02:58:44,116,B+1.5,11,True,True,False,W,-0.85,18.3898,49000
2023-05-25 02:59:05,65,W+R,0,False,False,False,B,-0.85,18.4823,49000
2023-05-25 02:59:28,62,B+R,0,False,False,False,W,-0.85,18.1826,49000
2023-05-25 02:59:43,44,B+R,0,False,False,False,W,-0.85,18.2168,49000
2023-05-25 03:00:05,66,B+R,0,False,False,False,W,-0.85,18.3152,49000
2023-05-25 03:00:35,82,B+R,7,False,False,False,W,-0.85,18.5053,49000
2023-05-25 03:00:47,32,B+R,0,False,False,False,W,-0.85,18.5121,49000
2023-05-25 03:00:59,38,B+R,0,False,False,False,W,-0.85,18.5441,49000
2023-05-25 03:01:27,104,B+R,8,False,False,False,W,-0.85,18.7092,49000
2023-05-25 03:01:48,82,B+R,2,False,False,False,W,-0.85,18.7965,49000
2023-05-25 03:02:41,162,W+4.5,37,True,True,False,B,-0.85,19.187,49000
2023-05-25 03:02:53,34,B+R,0,False,False,False,W,-0.85,18.9467,49000
2023-05-25 03:05:01,61,W+R,0,False,False,False,B,-0.85,18.9037,50000
2023-05-25 03:05:21,59,W+R,2,False,False,False,B,-0.85,18.8424,50000
2023-05-25 03:05:33,36,B+R,0,False,False,False,W,-0.85,18.6976,50000
2023-05-25 03:05:53,68,B+R,4,False,False,False,W,-0.85,18.6618,50000
2023-05-25 03:06:17,66,B+R,0,False,False,False,W,-0.85,18.7298,50000
2023-05-25 03:06:28,35,W+R,0,False,False,False,B,-0.85,18.6135,50000
2023-05-25 03:06:51,71,W+R,1,False,False,False,B,-0.85,18.7335,50000
2023-05-25 03:07:08,47,W+R,0,False,False,False,B,-0.85,18.8079,50000
2023-05-25 03:07:21,36,B+R,0,False,False,False,W,-0.85,18.5942,50000
2023-05-25 03:07:34,41,W+R,0,False,False,False,B,-0.85,18.446,50000
2023-05-25 03:07:58,82,B+R,3,False,False,False,W,-0.85,18.5753,50000
2023-05-25 03:08:09,35,W+R,0,False,False,False,B,-0.85,18.4112,50000
2023-05-25 03:08:34,71,W+R,2,False,False,False,B,-0.85,18.5032,50000
2023-05-25 03:08:54,58,B+R,0,False,False,False,W,-0.85,18.5575,50000
2023-05-25 03:09:06,36,B+R,0,False,False,False,W,-0.85,18.438,50000
2023-05-25 03:09:17,33,W+R,0,False,False,False,B,-0.85,18.4433,50000
2023-05-25 03:09:29,38,B+R,0,False,False,False,W,-0.85,18.3112,50000
2023-05-25 03:09:40,33,W+R,0,False,False,False,B,-0.85,18.2239,50000
2023-05-25 03:10:15,106,W+1.5,18,True,True,False,B,-0.85,18.4983,50000
2023-05-25 03:10:36,59,W+R,0,False,False,False,B,-0.85,18.5519,50000
2023-05-25 03:10:46,32,B+R,0,False,False,False,W,-0.85,18.3095,50000
2023-05-25 03:10:54,32,B+R,0,False,False,False,W,-0.85,18.1333,50000
2023-05-25 03:11:01,33,W+R,0,False,False,False,B,-0.85,17.908,50000
2023-05-25 03:11:24,76,B+R,2,False,False,False,W,-0.85,18.0293,50000
2023-05-25 03:11:38,46,B+R,0,False,False,False,W,-0.85,17.8698,50000
2023-05-25 03:11:50,33,W+R,0,False,False,False,B,-0.85,17.8203,50000
2023-05-25 03:12:20,78,B+R,1,False,False,False,W,-0.85,18.0105,50000
2023-05-25 03:12:30,33,W+R,0,False,False,False,B,-0.85,17.9457,50000
2023-05-25 03:12:59,86,B+R,5,False,False,False,W,-0.85,17.9881,50000
2023-05-25 03:13:25,72,B+R,0,False,False,False,W,-0.85,17.984,50000
2023-05-25 03:13:34,33,W+R,0,False,False,False,B,-0.85,17.8405,50000
2023-05-25 03:13:45,32,B+R,0,False,False,False,W,-0.85,17.8118,50000
2023-05-25 03:14:02,48,B+R,0,False,False,False,W,-0.85,17.846,50000
2023-05-25 03:14:13,33,W+R,0,False,False,False,B,-0.85,17.7657,50000
2023-05-25 03:14:24,35,W+R,0,False,False,False,B,-0.85,17.6633,50000
2023-05-25 03:14:35,37,W+R,0,False,False,False,B,-0.85,17.6827,50000
2023-05-25 03:14:46,35,W+R,0,False,False,False,B,-0.85,17.6587,50000
2023-05-25 03:15:03,53,W+R,0,False,False,False,B,-0.85,17.7099,50000
2023-05-25 03:15:13,33,W+R,0,False,False,False,B,-0.85,17.6,50000
2023-05-25 03:15:23,32,B+R,0,False,False,False,W,-0.85,17.4954,50000
2023-05-25 03:15:34,32,B+R,0,False,False,False,W,-0.85,17.5101,50000
2023-05-25 03:15:49,55,W+R,2,False,False,False,B,-0.85,17.366,50000
2023-05-25 03:16:08,62,B+R,0,False,False,False,W,-0.85,17.3806,50000
2023-05-25 03:16:32,74,B+R,0,False,False,False,W,-0.85,17.4823,50000
2023-05-25 03:17:03,109,W+2.5,13,True,True,False,B,-0.85,17.6945,50000
2023-05-25 03:17:14,33,W+R,0,False,False,False,B,-0.85,17.6843,50000
2023-05-25 03:17:27,37,W+R,0,False,False,False,B,-0.85,17.5722,50000
2023-05-25 03:17:37,32,B+R,0,False,False,False,W,-0.85,17.5068,50000
2023-05-25 03:18:00,66,B+R,1,False,False,False,W,-0.85,17.6363,50000
2023-05-25 03:19:51,68,B+R,0,False,False,False,W,-0.85,17.8992,51000
2023-05-25 03:19:59,33,W+R,0,False,False,False,B,-0.85,17.6636,51000
2023-05-25 03:20:13,43,W+R,0,False,False,False,B,-0.85,17.6785,51000
2023-05-25 03:20:44,95,W+R,5,False,False,False,B,-0.85,17.833,51000
2023-05-25 03:20:58,44,B+R,0,False,False,False,W,-0.85,17.8385,51000
2023-05-25 03:21:21,65,W+R,6,False,False,False,B,-0.85,17.7381,51000
2023-05-25 03:21:29,32,B+R,0,False,False,False,W,-0.85,17.7127,51000
2023-05-25 03:21:39,32,B+R,0,False,False,False,W,-0.85,17.6926,51000
2023-05-25 03:22:19,118,B+5.5,16,True,True,False,W,-0.85,18.0148,51000
2023-05-25 03:22:46,86,B+5.5,5,True,True,False,W,-0.85,18.0902,51000
2023-05-25 03:23:05,57,W+R,0,False,False,False,B,-0.85,18.1782,51000
2023-05-25 03:23:17,33,W+R,0,False,False,False,B,-0.85,18.0669,51000
2023-05-25 03:23:36,59,W+R,0,False,False,False,B,-0.85,18.0774,51000
2023-05-25 03:23:52,54,B+R,0,False,False,False,W,-0.85,18.0847,51000
2023-05-25 03:24:04,33,W+R,0,False,False,False,B,-0.85,17.9764,51000
2023-05-25 03:24:39,110,W+7.5,14,True,True,False,B,-0.85,17.8777,51000
2023-05-25 03:25:10,93,W+R,9,False,False,False,B,-0.85,17.9565,51000
2023-05-25 03:25:23,41,W+R,0,False,False,False,B,-0.85,17.9875,51000
2023-05-25 03:25:44,58,B+R,0,False,False,False,W,-0.85,18.0536,51000
2023-05-25 03:26:10,86,B+R,3,False,False,False,W,-0.85,18.174,51000
2023-05-25 03:26:36,87,W+3.5,5,True,True,False,B,-0.85,18.2617,51000
2023-05-25 03:26:47,33,W+R,0,False,False,False,B,-0.85,18.03,51000
2023-05-25 03:26:57,33,W+R,0,False,False,False,B,-0.85,18.0311,51000
2023-05-25 03:27:16,63,B+18.5,7,True,True,False,W,-0.85,18.0018,51000
2023-05-25 03:27:27,32,B+R,0,False,False,False,W,-0.85,18.0274,51000
2023-05-25 03:28:14,139,W+14.5,22,True,True,False,B,-0.85,18.3892,51000
2023-05-25 03:28:24,32,B+R,0,False,False,False,W,-0.85,18.3033,51000
2023-05-25 03:28:35,32,B+R,0,False,False,False,W,-0.85,18.2861,51000
2023-05-25 03:28:45,34,B+R,0,False,False,False,W,-0.85,18.2719,51000
2023-05-25 03:28:56,33,W+R,0,False,False,False,B,-0.85,18.1556,51000
2023-05-25 03:29:07,33,W+R,0,False,False,False,B,-0.85,18.1651,51000
2023-05-25 03:29:30,69,B+8.5,4,True,True,False,W,-0.85,18.2972,51000
2023-05-25 03:29:41,33,W+R,0,False,False,False,B,-0.85,18.148,51000
2023-05-25 03:29:50,32,B+R,0,False,False,False,W,-0.85,18.1251,51000
2023-05-25 03:30:24,87,W+R,5,False,False,False,B,-0.85,18.3988,51000
2023-05-25 03:30:40,50,B+R,0,False,False,False,W,-0.85,18.3817,51000
2023-05-25 03:31:00,70,B+R,0,False,False,False,W,-0.85,18.452,51000
2023-05-25 03:31:16,53,W+R,0,False,False,False,B,-0.85,18.1763,51000
2023-05-25 03:31:33,55,W+R,0,False,False,False,B,-0.85,18.127,51000
2023-05-25 03:31:42,33,W+R,0,False,False,False,B,-0.85,17.9953,51000
2023-05-25 03:31:58,58,B+R,0,False,False,False,W,-0.85,17.9965,51000
2023-05-25 03:32:13,50,B+R,0,False,False,False,W,-0.85,17.9318,51000
2023-05-25 03:32:38,76,B+R,1,False,False,False,W,-0.85,17.8828,51000
2023-05-25 03:34:06,32,B+R,0,False,False,False,W,-0.85,17.8877,52000
2023-05-25 03:34:25,61,W+R,0,False,False,False,B,-0.85,17.8006,52000
2023-05-25 03:34:36,33,W+R,0,False,False,False,B,-0.85,17.7035,52000
2023-05-25 03:34:49,39,W+R,0,False,False,False,B,-0.85,17.3037,52000
2023-05-25 03:35:07,60,B+R,0,False,False,False,W,-0.85,17.3643,52000
2023-05-25 03:35:22,55,W+R,0,False,False,False,B,-0.85,17.1636,52000
2023-05-25 03:36:14,161,W+R,32,False,False,False,B,-0.85,17.4771,52000
2023-05-25 03:36:37,63,W+R,0,False,False,False,B,-0.85,17.5121,52000
2023-05-25 03:36:48,36,B+R,0,False,False,False,W,-0.85,17.5018,52000
2023-05-25 03:37:08,56,B+R,0,False,False,False,W,-0.85,17.4955,52000
2023-05-25 03:37:23,44,B+R,0,False,False,False,W,-0.85,17.4141,52000
2023-05-25 03:37:34,32,B+R,0,False,False,False,W,-0.85,17.4079,52000
2023-05-25 03:37:51,48,B+R,0,False,False,False,W,-0.85,17.3481,52000
2023-05-25 03:38:08,51,W+R,0,False,False,False,B,-0.85,17.3491,52000
2023-05-25 03:38:30,73,W+R,7,False,False,False,B,-0.85,17.4438,52000
2023-05-25 03:38:46,51,W+R,0,False,False,False,B,-0.85,17.4667,52000
2023-05-25 03:39:11,78,W+0.5,6,False,False,False,,-0.85,17.4743,52000
2023-05-25 03:39:22,33,W+R,0,False,False,False,B,-0.85,17.472,52000
2023-05-25 03:39:34,33,W+R,0,False,False,False,B,-0.85,17.3429,52000
2023-05-25 03:40:07,88,W+0.5,10,True,False,False,,-0.85,17.4833,52000
2023-05-25 03:40:32,71,W+R,4,False,False,False,B,-0.85,17.6145,52000
2023-05-25 03:40:51,61,B+3.5,5,True,True,False,W,-0.85,17.6934,52000
2023-05-25 03:41:06,45,W+R,0,False,False,False,B,-0.85,17.7194,52000
2023-05-25 03:41:19,53,W+R,0,False,False,False,B,-0.85,17.7441,52000
2023-05-25 03:41:27,33,W+R,0,False,False,False,B,-0.85,17.4699,52000
2023-05-25 03:41:45,59,W+R,1,False,False,False,B,-0.85,17.4487,52000
2023-05-25 03:41:55,37,W+R,0,False,False,False,B,-0.85,17.4395,52000
2023-05-25 03:42:21,95,B+1.5,7,True,True,False,W,-0.85,17.6211,52000
2023-05-25 03:42:44,64,B+R,0,False,False,False,W,-0.85,17.7867,52000
2023-05-25 03:42:55,33,W+R,0,False,False,False,B,-0.85,17.6571,52000
2023-05-25 03:43:10,44,B+R,0,False,False,False,W,-0.85,17.6668,52000
2023-05-25 03:43:38,87,W+R,8,False,False,False,B,-0.85,17.8313,52000
2023-05-25 03:44:04,72,B+R,2,False,False,False,W,-0.85,17.7951,52000
2023-05-25 03:44:19,52,B+R,0,False,False,False,W,-0.85,17.8356,52000
2023-05-25 03:44:41,77,B+1.5,7,False,False,False,,-0.85,17.771,52000
2023-05-25 03:45:03,66,B+R,0,False,False,False,W,-0.85,17.7345,52000
2023-05-25 03:45:15,36,B+R,0,False,False,False,W,-0.85,17.765,52000
2023-05-25 03:45:38,79,B+1.5,4,True,True,False,W,-0.85,17.8833,52000
2023-05-25 03:46:04,78,B+R,3,False,False,False,W,-0.85,17.9642,52000
2023-05-25 03:46:26,65,B+1.5,3,True,True,False,W,-0.85,18.0747,52000
2023-05-25 03:46:45,54,B+R,0,False,False,False,W,-0.85,18.1534,52000
2023-05-25 03:47:19,104,B+5.5,9,True,True,False,W,-0.85,18.3928,52000
2023-05-25 03:49:10,53,W+R,0,False,False,False,B,-0.85,18.4879,53000
2023-05-25 03:49:23,46,B+R,0,False,False,False,W,-0.85,18.5117,53000
2023-05-25 03:49:44,62,B+R,0,False,False,False,W,-0.85,18.6298,53000
2023-05-25 03:49:54,50,B+R,0,False,False,False,W,-0.85,18.6142,53000
2023-05-25 03:50:20,67,W+R,3,False,False,False,B,-0.85,18.7162,53000
2023-05-25 03:50:32,37,W+R,0,False,False,False,B,-0.85,18.6562,53000
2023-05-25 03:50:43,33,W+R,0,False,False,False,B,-0.85,18.5227,53000
2023-05-25 03:51:41,162,B+13.5,37,True,True,False,W,-0.85,18.7857,53000
2023-05-25 03:51:55,42,B+R,0,False,False,False,W,-0.85,18.8221,53000
2023-05-25 03:52:31,115,W+3.5,23,True,True,False,B,-0.85,19.0452,53000
2023-05-25 03:52:40,33,W+R,0,False,False,False,B,-0.85,19.0441,53000
2023-05-25 03:53:13,116,B+5.5,13,True,True,False,W,-0.85,19.1378,53000
2023-05-25 03:53:38,76,B+R,3,False,False,False,W,-0.85,19.1247,53000
2023-05-25 03:53:55,59,W+R,0,False,False,False,B,-0.85,19.0732,53000
2023-05-25 03:54:13,62,B+R,0,False,False,False,W,-0.85,19.1647,53000
2023-05-25 03:54:31,57,W+R,1,False,False,False,B,-0.85,19.2206,53000
2023-05-25 03:54:49,52,B+R,0,False,False,False,W,-0.85,19.0879,53000
2023-05-25 03:55:01,37,W+R,0,False,False,False,B,-0.85,19.0626,53000
2023-05-25 03:55:10,33,W+R,0,False,False,False,B,-0.85,18.9284,53000
2023-05-25 03:55:36,73,W+R,2,False,False,False,B,-0.85,19.0998,53000
2023-05-25 03:55:57,64,B+R,0,False,False,False,W,-0.85,19.2097,53000
2023-05-25 03:56:17,67,W+R,0,False,False,False,B,-0.85,19.0185,53000
2023-05-25 03:57:04,121,B+0.5,20,True,True,False,W,-0.85,19.2087,53000
2023-05-25 03:57:16,41,W+R,0,False,False,False,B,-0.85,19.1417,53000
2023-05-25 03:57:26,33,W+R,1,False,False,False,B,-0.85,19.1261,53000
2023-05-25 03:57:37,37,W+R,0,False,False,False,B,-0.85,19.0408,53000
2023-05-25 03:57:48,33,W+R,0,False,False,False,B,-0.85,18.9921,53000
2023-05-25 03:57:59,33,W+R,0,False,False,False,B,-0.85,18.9871,53000
2023-05-25 03:58:10,33,W+R,0,False,False,False,B,-0.85,18.7422,53000
2023-05-25 03:58:20,33,W+R,0,False,False,False,B,-0.85,18.5371,53000
2023-05-25 03:58:31,37,W+R,0,False,False,False,B,-0.85,18.5141,53000
2023-05-25 03:58:54,69,W+R,3,False,False,False,B,-0.85,18.5312,53000
2023-05-25 03:59:12,54,B+R,0,False,False,False,W,-0.85,18.4598,53000
2023-05-25 03:59:40,81,W+R,9,False,False,False,B,-0.85,18.4743,53000
2023-05-25 03:59:58,54,B+R,0,False,False,False,W,-0.85,18.5427,53000
2023-05-25 04:00:05,39,W+R,0,False,False,False,B,-0.85,18.5195,53000
2023-05-25 04:00:20,64,B+R,0,False,False,False,W,-0.85,18.4703,53000
2023-05-25 04:00:33,59,W+R,0,False,False,False,B,-0.85,18.4916,53000
2023-05-25 04:00:40,33,W+R,0,False,False,False,B,-0.85,18.0858,53000
2023-05-25 04:01:06,73,W+R,0,False,False,False,B,-0.85,18.249,53000
2023-05-25 04:01:17,33,W+R,0,False,False,False,B,-0.85,18.255,53000
2023-05-25 04:01:34,51,W+R,0,False,False,False,B,-0.85,18.3201,53000
2023-05-25 04:03:09,56,B+R,0,False,False,False,W,-0.85,18.3721,54000
2023-05-25 04:03:47,162,W+28.5,32,True,True,False,B,-0.85,18.5234,54000
2023-05-25 04:03:54,33,W+R,0,False,False,False,B,-0.85,18.485,54000
2023-05-25 04:04:06,33,W+R,0,False,False,False,B,-0.85,18.5109,54000
2023-05-25 04:04:23,56,B+R,0,False,False,False,W,-0.85,18.337,54000
2023-05-25 04:05:17,150,W+22.5,32,True,True,False,B,-0.85,18.7113,54000
2023-05-25 04:05:26,33,W+R,0,False,False,False,B,-0.85,18.6117,54000
2023-05-25 04:05:36,44,B+R,0,False,False,False,W,-0.85,18.5413,54000
2023-05-25 04:05:47,47,W+R,0,False,False,False,B,-0.85,18.4852,54000
2023-05-25 04:06:03,69,W+R,5,False,False,False,B,-0.85,18.5542,54000
2023-05-25 04:06:17,48,B+R,0,False,False,False,W,-0.85,18.541,54000
2023-05-25 04:06:29,34,B+R,0,False,False,False,W,-0.85,18.5029,54000
2023-05-25 04:06:40,33,W+R,0,False,False,False,B,-0.85,18.3659,54000
2023-05-25 04:07:04,65,W+R,0,False,False,False,B,-0.85,18.4778,54000
2023-05-25 04:07:30,86,W+0.5,8,False,False,False,,-0.85,18.6142,54000
2023-05-25 04:07:48,50,B+R,0,False,False,False,W,-0.85,18.5976,54000
2023-05-25 04:08:21,86,B+R,0,False,False,False,W,-0.85,18.8272,54000
2023-05-25 04:09:08,141,W+6.5,30,True,True,False,B,-0.85,19.1655,54000
2023-05-25 04:09:20,34,B+R,0,False,False,False,W,-0.85,19.1078,54000
2023-05-25 04:09:30,32,B+R,0,False,False,False,W,-0.85,19.0558,54000
2023-05-25 04:09:58,79,B+1.5,8,False,False,False,,-0.85,18.8162,54000
2023-05-25 04:10:10,41,W+R,0,False,False,False,B,-0.85,18.6992,54000
2023-05-25 04:10:29,55,W+R,0,False,False,False,B,-0.85,18.7769,54000
2023-05-25 04:10:41,44,B+R,0,False,False,False,W,-0.85,18.7083,54000
2023-05-25 04:10:52,33,W+R,0,False,False,False,B,-0.85,18.6584,54000
2023-05-25 04:11:18,78,B+R,5,False,False,False,W,-0.85,18.8119,54000
2023-05-25 04:11:30,33,W+R,0,False,False,False,B,-0.85,18.763,54000
2023-05-25 04:11:42,33,W+R,0,False,False,False,B,-0.85,18.7157,54000
2023-05-25 04:11:52,33,W+R,0,False,False,False,B,-0.85,18.5976,54000
2023-05-25 04:12:07,46,B+R,0,False,False,False,W,-0.85,18.588,54000
2023-05-25 04:12:31,69,W+R,0,False,False,False,B,-0.85,18.5817,54000
2023-05-25 04:12:41,33,W+R,0,False,False,False,B,-0.85,18.5717,54000
2023-05-25 04:13:31,162,B+1.5,29,True,True,True,B,-0.85,18.9484,54000
2023-05-25 04:13:47,49,W+R,0,False,False,False,B,-0.85,18.7765,54000
2023-05-25 04:13:57,33,W+R,0,False,False,False,B,-0.85,18.6233,54000
2023-05-25 04:14:13,55,W+R,0,False,False,False,B,-0.85,18.5968,54000
2023-05-25 04:14:23,33,W+R,0,False,False,False,B,-0.85,18.5442,54000
2023-05-25 04:14:34,33,W+R,0,False,False,False,B,-0.85,18.5251,54000
2023-05-25 04:14:46,36,B+R,0,False,False,False,W,-0.85,18.5666,54000
2023-05-25 04:15:04,52,B+R,0,False,False,False,W,-0.85,18.5565,54000
2023-05-25 04:15:28,77,W+R,0,False,False,False,B,-0.85,18.7075,54000
2023-05-25 04:15:50,70,B+R,0,False,False,False,W,-0.85,18.6657,54000
2023-05-25 04:16:12,77,W+R,3,False,False,False,B,-0.85,18.6517,54000
2023-05-25 04:17:40,43,W+R,0,False,False,False,B,-0.85,18.6547,55000
2023-05-25 04:18:04,79,B+5.5,3,True,True,False,W,-0.85,18.616,55000
2023-05-25 04:18:35,83,W+R,12,False,False,False,B,-0.85,18.6575,55000
2023-05-25 04:18:46,34,B+R,0,False,False,False,W,-0.85,18.62,55000
2023-05-25 04:18:57,33,W+R,0,False,False,False,B,-0.85,18.5096,55000
2023-05-25 04:19:06,32,B+R,0,False,False,False,W,-0.85,18.3824,55000
2023-05-25 04:19:21,44,B+R,0,False,False,False,W,-0.85,18.4125,55000
2023-05-25 04:19:41,63,W+R,0,False,False,False,B,-0.85,18.3835,55000
2023-05-25 04:19:55,48,B+R,0,False,False,False,W,-0.85,18.2691,55000
2023-05-25 04:20:09,62,B+R,0,False,False,False,W,-0.85,18.187,55000
2023-05-25 04:20:29,68,B+R,0,False,False,False,W,-0.85,18.1968,55000
2023-05-25 04:20:42,44,B+R,0,False,False,False,W,-0.85,17.9851,55000
2023-05-25 04:20:54,40,B+R,0,False,False,False,W,-0.85,17.9234,55000
2023-05-25 04:21:16,68,B+R,0,False,False,False,W,-0.85,17.9483,55000
2023-05-25 04:21:28,36,B+R,0,False,False,False,W,-0.85,17.94,55000
2023-05-25 04:21:46,60,B+R,0,False,False,False,W,-0.85,17.9062,55000
2023-05-25 04:22:26,162,W+16.5,38,True,True,False,B,-0.85,18.2076,55000
2023-05-25 04:22:38,41,W+R,0,False,False,False,B,-0.85,18.0795,55000
2023-05-25 04:22:49,32,B+R,0,False,False,False,W,-0.85,18.0595,55000
2023-05-25 04:22:59,32,B+R,0,False,False,False,W,-0.85,18.056,55000
2023-05-25 04:23:37,102,B+2.5,6,True,True,False,W,-0.85,17.8545,55000
2023-05-25 04:24:21,141,B+1.5,18,True,True,False,W,-0.85,18.1491,55000
2023-05-25 04:24:44,67,W+R,2,False,False,False,B,-0.85,18.0298,55000
2023-05-25 04:24:59,54,B+R,0,False,False,False,W,-0.85,18.0742,55000
2023-05-25 04:25:25,74,B+R,7,False,False,False,W,-0.85,18.0095,55000
2023-05-25 04:25:49,77,W+R,3,False,False,False,B,-0.85,17.999,55000
2023-05-25 04:26:02,44,B+R,0,False,False,False,W,-0.85,17.9671,55000
2023-05-25 04:26:19,46,B+R,0,False,False,False,W,-0.85,17.9534,55000
2023-05-25 04:26:29,36,B+R,0,False,False,False,W,-0.85,17.8629,55000
2023-05-25 04:26:54,85,B+1.5,10,True,True,False,W,-0.85,17.9349,55000
2023-05-25 04:27:05,32,B+R,0,False,False,False,W,-0.85,17.9302,55000
2023-05-25 04:27:30,75,W+R,6,False,False,False,B,-0.85,18.086,55000
2023-05-25 04:27:42,33,W+R,0,False,False,False,B,-0.85,17.9459,55000
2023-05-25 04:27:52,33,W+R,0,False,False,False,B,-0.85,17.8473,55000
2023-05-25 04:28:13,60,B+R,0,False,False,False,W,-0.85,17.844,55000
2023-05-25 04:28:32,58,B+R,0,False,False,False,W,-0.85,17.573,55000
2023-05-25 04:28:46,43,W+R,0,False,False,False,B,-0.85,17.5874,55000
2023-05-25 04:29:08,70,W+5.5,3,False,False,False,,-0.85,17.7074,55000
2023-05-25 04:29:26,54,B+R,0,False,False,False,W,-0.85,17.7794,55000
2023-05-25 04:30:00,162,B+7.5,24,True,True,False,W,-0.85,18.0119,55000
2023-05-25 04:30:12,39,W+R,0,False,False,False,B,-0.85,18.0191,55000
2023-05-25 04:30:31,64,B+R,0,False,False,False,W,-0.85,18.1036,55000
2023-05-25 04:30:41,44,B+R,0,False,False,False,W,-0.85,18.0975,55000
2023-05-25 04:32:21,34,B+R,0,False,False,False,W,-0.85,18.0956,56000
2023-05-25 04:32:31,33,W+R,0,False,False,False,B,-0.85,18.0176,56000
2023-05-25 04:32:44,35,W+R,0,False,False,False,B,-0.85,17.8595,56000
2023-05-25 04:32:55,33,W+R,0,False,False,False,B,-0.85,17.7951,56000
2023-05-25 04:33:17,75,B+1.5,4,True,True,False,W,-0.85,17.947,56000
2023-05-25 04:33:32,44,B+R,0,False,False,False,W,-0.85,17.9458,56000
2023-05-25 04:33:45,34,B+R,0,False,False,False,W,-0.85,17.9486,56000
2023-05-25 04:34:11,91,B+0.5,7,True,True,False,W,-0.85,18.1349,56000
2023-05-25 04:34:26,57,W+R,0,False,False,False,B,-0.85,18.0325,56000
2023-05-25 04:34:42,65,W+R,0,False,False,False,B,-0.85,18.0754,56000
2023-05-25 04:35:11,91,W+R,1,False,False,False,B,-0.85,18.2047,56000
2023-05-25 04:35:25,41,W+R,0,False,False,False,B,-0.85,18.2653,56000
2023-05-25 04:35:40,45,W+R,0,False,False,False,B,-0.85,18.2177,56000
2023-05-25 04:35:54,42,B+R,0,False,False,False,W,-0.85,17.9761,56000
2023-05-25 04:36:11,67,W+R,0,False,False,False,B,-0.85,18.0844,56000
2023-05-25 04:36:24,36,B+R,0,False,False,False,W,-0.85,18.0918,56000
2023-05-25 04:36:51,81,W+R,5,False,False,False,B,-0.85,18.1878,56000
2023-05-25 04:37:48,162,W+3.5,39,True,True,False,B,-0.85,18.2255,56000
2023-05-25 04:38:02,44,B+R,0,False,False,False,W,-0.85,18.2686,56000
2023-05-25 04:38:20,57,W+R,0,False,False,False,B,-0.85,18.3557,56000
2023-05-25 04:38:31,32,B+R,0,False,False,False,W,-0.85,18.3508,56000
2023-05-25 04:38:43,33,W+R,0,False,False,False,B,-0.85,18.3105,56000
2023-05-25 04:38:52,32,B+R,0,False,False,False,W,-0.85,18.2633,56000
2023-05-25 04:39:14,70,B+R,3,False,False,False,W,-0.85,18.3659,56000
2023-05-25 04:39:24,32,B+R,0,False,False,False,W,-0.85,18.3542,56000
2023-05-25 04:39:53,87,W+2.5,11,False,False,False,,-0.85,18.3988,56000
2023-05-25 04:40:04,33,W+R,0,False,False,False,B,-0.85,18.2577,56000
2023-05-25 04:40:15,33,W+R,0,False,False,False,B,-0.85,18.1893,56000
2023-05-25 04:40:27,33,W+R,0,False,False,False,B,-0.85,17.9682,56000
2023-05-25 04:40:38,33,W+R,0,False,False,False,B,-0.85,17.6122,56000
2023-05-25 04:40:48,33,W+R,0,False,False,False,B,-0.85,17.592,56000
2023-05-25 04:41:00,33,W+R,3,False,False,False,B,-0.85,17.6095,56000
2023-05-25 04:41:27,84,B+R,2,False,False,False,W,-0.85,17.6086,56000
2023-05-25 04:41:46,56,B+R,0,False,False,False,W,-0.85,17.6792,56000
2023-05-25 04:42:06,58,B+R,0,False,False,False,W,-0.85,17.6818,56000
2023-05-25 04:42:15,33,W+R,0,False,False,False,B,-0.85,17.6555,56000
2023-05-25 04:42:26,33,W+R,0,False,False,False,B,-0.85,17.6531,56000
2023-05-25 04:42:44,60,B+R,0,False,False,False,W,-0.85,17.5753,56000
2023-05-25 04:42:57,48,B+R,0,False,False,False,W,-0.85,17.585,56000
2023-05-25 04:43:17,62,B+R,3,False,False,False,W,-0.85,17.6632,56000
2023-05-25 04:43:29,36,B+R,0,False,False,False,W,-0.85,17.6862,56000
2023-05-25 04:43:41,35,W+R,0,False,False,False,B,-0.85,17.6472,56000
2023-05-25 04:43:51,33,W+R,0,False,False,False,B,-0.85,17.5065,56000
2023-05-25 04:44:01,32,B+R,0,False,False,False,W,-0.85,17.5127,56000
2023-05-25 04:44:27,78,B+R,2,False,False,False,W,-0.85,17.2768,56000
2023-05-25 04:44:45,67,W+R,4,False,False,False,B,-0.85,17.292,56000
2023-05-25 04:46:31,42,B+R,0,False,False,False,W,-0.85,17.366,57000
2023-05-25 04:46:48,58,B+R,0,False,False,False,W,-0.85,17.4487,57000
2023-05-25 04:47:11,93,W+1.5,10,True,True,False,B,-0.85,17.5535,57000
2023-05-25 04:47:21,36,B+R,0,False,False,False,W,-0.85,17.5408,57000
2023-05-25 04:47:37,50,B+R,0,False,False,False,W,-0.85,17.5296,57000
2023-05-25 04:47:48,35,W+R,0,False,False,False,B,-0.85,17.3913,57000
2023-05-25 04:48:06,51,W+R,0,False,False,False,B,-0.85,17.3537,57000
2023-05-25 04:48:40,116,W+1.5,20,True,True,False,B,-0.85,17.4666,57000
2023-05-25 04:48:51,33,W+R,0,False,False,False,B,-0.85,17.4568,57000
2023-05-25 04:49:12,65,W+R,0,False,False,False,B,-0.85,17.537,57000
2023-05-25 04:49:21,33,W+R,0,False,False,False,B,-0.85,17.384,57000
2023-05-25 04:49:32,33,W+R,0,False,False,False,B,-0.85,17.1817,57000
2023-05-25 04:49:48,54,B+R,0,False,False,False,W,-0.85,17.2348,57000
2023-05-25 04:49:58,33,W+R,0,False,False,False,B,-0.85,17.2195,57000
2023-05-25 04:50:18,63,W+R,1,False,False,False,B,-0.85,17.3389,57000
2023-05-25 04:50:49,103,W+2.5,12,True,True,False,B,-0.85,17.4908,57000
2023-05-25 04:51:06,56,B+R,0,False,False,False,W,-0.85,17.459,57000
2023-05-25 04:51:33,82,B+R,8,False,False,False,W,-0.85,17.586,57000
2023-05-25 04:51:44,42,B+R,0,False,False,False,W,-0.85,17.5625,57000
2023-05-25 04:51:55,34,B+R,0,False,False,False,W,-0.85,17.4741,57000
2023-05-25 04:52:14,55,W+R,0,False,False,False,B,-0.85,17.5308,57000
2023-05-25 04:52:25,33,W+R,0,False,False,False,B,-0.85,17.5223,57000
2023-05-25 04:52:35,33,W+R,0,False,False,False,B,-0.85,17.398,57000
2023-05-25 04:52:45,32,B+R,0,False,False,False,W,-0.85,17.3832,57000
2023-05-25 04:53:18,96,B+3.5,4,True,True,False,W,-0.85,17.5327,57000
2023-05-25 04:53:29,33,W+R,0,False,False,False,B,-0.85,17.2424,57000
2023-05-25 04:53:47,59,W+R,0,False,False,False,B,-0.85,17.3024,57000
2023-05-25 04:54:00,37,W+R,0,False,False,False,B,-0.85,17.3214,57000
2023-05-25 04:54:10,33,W+R,0,False,False,False,B,-0.85,17.3183,57000
2023-05-25 04:54:21,33,W+R,0,False,False,False,B,-0.85,17.0504,57000
2023-05-25 04:54:53,91,B+2.5,4,True,True,False,W,-0.85,16.9327,57000
2023-05-25 04:55:05,41,W+R,0,False,False,False,B,-0.85,16.8184,57000
2023-05-25 04:55:27,65,W+R,0,False,False,False,B,-0.85,16.8953,57000
2023-05-25 04:55:48,62,B+R,1,False,False,False,W,-0.85,16.8468,57000
2023-05-25 04:56:11,77,B+1.5,4,True,True,False,W,-0.85,16.8393,57000
2023-05-25 04:56:30,69,W+R,3,False,False,False,B,-0.85,16.8883,57000
2023-05-25 04:56:59,77,W+R,1,False,False,False,B,-0.85,17.0114,57000
2023-05-25 04:57:27,91,W+R,0,False,False,False,B,-0.85,17.2008,57000
2023-05-25 04:57:49,53,W+R,0,False,False,False,B,-0.85,17.1629,57000
2023-05-25 04:58:10,64,B+R,3,False,False,False,W,-0.85,17.2688,57000
2023-05-25 04:58:29,57,W+R,0,False,False,False,B,-0.85,17.2012,57000
2023-05-25 04:58:47,58,B+R,0,False,False,False,W,-0.85,17.2703,57000
2023-05-25 04:59:09,73,B+1.5,4,True,True,False,W,-0.85,17.3777,57000
2023-05-25 05:01:24,89,W+R,6,False,False,False,B,-0.85,17.6696,58000
2023-05-25 05:01:35,32,B+R,0,False,False,False,W,-0.85,17.6361,58000
2023-05-25 05:02:03,74,B+R,0,False,False,False,W,-0.85,17.6948,58000
2023-05-25 05:02:24,65,W+R,1,False,False,False,B,-0.85,17.7293,58000
2023-05-25 05:02:40,51,W+R,0,False,False,False,B,-0.85,17.5499,58000
2023-05-25 05:02:51,32,B+R,0,False,False,False,W,-0.85,17.5385,58000
2023-05-25 05:03:02,33,W+R,0,False,False,False,B,-0.85,17.4524,58000
2023-05-25 05:03:40,112,B+7.5,13,True,True,False,W,-0.85,17.736,58000
2023-05-25 05:04:14,103,B+9.5,10,True,True,False,W,-0.85,17.8678,58000
2023-05-25 05:04:28,48,B+R,0,False,False,False,W,-0.85,17.8891,58000
2023-05-25 05:04:58,82,B+R,1,False,False,False,W,-0.85,18.0738,58000
2023-05-25 05:05:10,32,B+R,0,False,False,False,W,-0.85,18.072,58000
2023-05-25 05:05:31,65,W+R,2,False,False,False,B,-0.85,18.1788,58000
2023-05-25 05:05:42,37,W+R,0,False,False,False,B,-0.85,18.0612,58000
2023-05-25 05:05:53,32,B+R,0,False,False,False,W,-0.85,18.0191,58000
2023-05-25 05:06:09,53,W+R,0,False,False,False,B,-0.85,18.0521,58000
2023-05-25 05:06:20,33,W+R,0,False,False,False,B,-0.85,17.9036,58000
2023-05-25 05:06:36,53,W+R,0,False,False,False,B,-0.85,17.9043,58000
2023-05-25 05:06:52,49,W+R,0,False,False,False,B,-0.85,17.9094,58000
2023-05-25 05:07:03,36,B+R,0,False,False,False,W,-0.85,17.7324,58000
2023-05-25 05:07:14,32,B+R,0,False,False,False,W,-0.85,17.6992,58000
2023-05-25 05:07:26,34,B+R,0,False,False,False,W,-0.85,17.6699,58000
2023-05-25 05:07:39,42,B+R,0,False,False,False,W,-0.85,17.6641,58000
2023-05-25 05:07:55,49,W+R,0,False,False,False,B,-0.85,17.6502,58000
2023-05-25 05:08:11,51,W+R,0,False,False,False,B,-0.85,17.6838,58000
2023-05-25 05:08:26,47,W+R,0,False,False,False,B,-0.85,17.5685,58000
2023-05-25 05:08:42,55,B+5.5,5,True,True,False,W,-0.85,17.1465,58000
2023-05-25 05:08:52,34,B+R,0,False,False,False,W,-0.85,17.1148,58000
2023-05-25 05:09:10,65,W+R,2,False,False,False,B,-0.85,17.114,58000
2023-05-25 05:09:22,34,B+R,0,False,False,False,W,-0.85,17.1185,58000
2023-05-25 05:09:52,86,B+R,11,False,False,False,W,-0.85,17.2977,58000
2023-05-25 05:10:04,41,W+R,0,False,False,False,B,-0.85,17.326,58000
2023-05-25 05:10:22,60,B+R,0,False,False,False,W,-0.85,17.2893,58000
2023-05-25 05:10:38,56,B+R,0,False,False,False,W,-0.85,17.3461,58000
2023-05-25 05:11:04,74,B+R,2,False,False,False,W,-0.85,17.3179,58000
2023-05-25 05:11:14,32,B+R,0,False,False,False,W,-0.85,17.3139,58000
2023-05-25 05:11:25,32,B+R,0,False,False,False,W,-0.85,17.3083,58000
2023-05-25 05:11:44,67,B+1.5,2,False,False,False,,-0.85,17.3804,58000
2023-05-25 05:11:51,38,B+R,0,False,False,False,W,-0.85,17.3469,58000
2023-05-25 05:12:05,52,B+R,0,False,False,False,W,-0.85,17.38,58000
2023-05-25 05:12:23,61,W+R,2,False,False,False,B,-0.85,17.4425,58000
2023-05-25 05:12:33,32,B+R,0,False,False,False,W,-0.85,17.2721,58000
2023-05-25 05:12:45,35,W+R,0,False,False,False,B,-0.85,17.1968,58000
2023-05-25 05:12:56,33,W+R,0,False,False,False,B,-0.85,17.1138,58000
2023-05-25 05:13:07,33,W+R,1,False,False,False,B,-0.85,17.1242,58000
2023-05-25 05:13:19,35,W+R,0,False,False,False,B,-0.85,17.144,58000
2023-05-25 05:13:36,53,W+R,0,False,False,False,B,-0.85,17.1287,58000
2023-05-25 05:15:11,39,W+R,0,False,False,False,B,-0.85,17.0507,59000
2023-05-25 05:15:20,40,B+R,0,False,False,False,W,-0.85,17.0105,59000
2023-05-25 05:15:41,69,B+2.5,2,False,False,False,,-0.85,17.1061,59000
2023-05-25 05:16:12,103,B+1.5,14,True,True,False,W,-0.85,17.3178,59000
2023-05-25 05:16:38,83,W+R,7,False,False,False,B,-0.85,17.4697,59000
2023-05-25 05:16:57,52,B+R,0,False,False,False,W,-0.85,17.3996,59000
2023-05-25 05:17:08,33,W+R,0,False,False,False,B,-0.85,17.3364,59000
2023-05-25 05:17:18,32,B+R,0,False,False,False,W,-0.85,17.235,59000
2023-05-25 05:17:31,46,B+R,0,False,False,False,W,-0.85,17.2279,59000
2023-05-25 05:17:57,84,W+0.5,12,True,True,False,B,-0.85,17.3061,59000
2023-05-25 05:18:18,69,B+1.5,2,True,True,False,W,-0.85,17.2977,59000
2023-05-25 05:18:29,33,W+R,0,False,False,False,B,-0.85,17.3,59000
2023-05-25 05:19:00,89,W+R,5,False,False,False,B,-0.85,17.4539,59000
2023-05-25 05:19:12,38,B+R,0,False,False,False,W,-0.85,17.4585,59000
2023-05-25 05:19:30,58,B+R,0,False,False,False,W,-0.85,17.4559,59000
2023-05-25 05:19:41,32,B+R,0,False,False,False,W,-0.85,17.2345,59000
2023-05-25 05:19:56,52,B+R,0,False,False,False,W,-0.85,17.2685,59000
2023-05-25 05:20:03,34,B+R,0,False,False,False,W,-0.85,17.1284,59000
2023-05-25 05:20:13,44,B+R,0,False,False,False,W,-0.85,17.1363,59000
2023-05-25 05:20:31,64,B+R,1,False,False,False,W,-0.85,17.215,59000
2023-05-25 05:20:42,32,B+R,0,False,False,False,W,-0.85,17.1666,59000
2023-05-25 05:20:53,32,B+R,0,False,False,False,W,-0.85,17.174,59000
2023-05-25 05:21:22,82,B+1.5,15,True,True,False,W,-0.85,17.2603,59000
2023-05-25 05:21:33,34,B+R,0,False,False,False,W,-0.85,17.0613,59000
2023-05-25 05:21:56,67,W+R,0,False,False,False,B,-0.85,17.1301,59000
2023-05-25 05:22:14,63,B+3.5,5,True,True,False,W,-0.85,17.0415,59000
2023-05-25 05:22:30,51,W+R,0,False,False,False,B,-0.85,17.0785,59000
2023-05-25 05:22:55,73,W+R,4,False,False,False,B,-0.85,17.2206,59000
2023-05-25 05:23:13,69,B+1.5,10,True,True,False,W,-0.85,17.2152,59000
2023-05-25 05:23:22,32,B+R,0,False,False,False,W,-0.85,17.1897,59000
2023-05-25 05:23:51,83,W+R,6,False,False,False,B,-0.85,17.3852,59000
2023-05-25 05:24:09,57,W+R,0,False,False,False,B,-0.85,17.4648,59000
2023-05-25 05:24:35,91,W+R,7,False,False,False,B,-0.85,17.3907,59000
2023-05-25 05:24:48,55,W+R,0,False,False,False,B,-0.85,17.4178,59000
2023-05-25 05:24:58,32,B+R,0,False,False,False,W,-0.85,17.3338,59000
2023-05-25 05:25:09,32,B+R,0,False,False,False,W,-0.85,17.3105,59000
2023-05-25 05:25:46,101,W+R,7,False,False,False,B,-0.85,17.5804,59000
2023-05-25 05:26:02,55,W+R,0,False,False,False,B,-0.85,17.6331,59000
2023-05-25 05:26:29,83,W+R,6,False,False,False,B,-0.85,17.5873,59000
2023-05-25 05:26:39,32,B+R,0,False,False,False,W,-0.85,17.5663,59000
2023-05-25 05:27:07,80,B+R,2,False,False,False,W,-0.85,17.6289,59000
2023-05-25 05:27:22,48,B+R,0,False,False,False,W,-0.85,17.5605,59000
2023-05-25 05:27:32,32,B+R,0,False,False,False,W,-0.85,17.4292,59000
2023-05-25 05:29:10,47,W+R,0,False,False,False,B,-0.85,17.2329,60000
2023-05-25 05:29:40,79,W+R,0,False,False,False,B,-0.85,17.2442,60000
2023-05-25 05:29:48,33,W+R,0,False,False,False,B,-0.85,17.1188,60000
2023-05-25 05:29:58,32,B+R,0,False,False,False,W,-0.85,16.9941,60000
2023-05-25 05:30:08,35,W+R,0,False,False,False,B,-0.85,16.9104,60000
2023-05-25 05:30:25,60,B+R,0,False,False,False,W,-0.85,16.894,60000
2023-05-25 05:30:46,60,B+R,0,False,False,False,W,-0.85,16.8925,60000
2023-05-25 05:30:57,33,W+R,0,False,False,False,B,-0.85,16.608,60000
2023-05-25 05:31:26,103,W+0.5,16,True,True,False,B,-0.85,16.6027,60000
2023-05-25 05:31:42,57,W+R,0,False,False,False,B,-0.85,16.6562,60000
2023-05-25 05:32:05,75,W+R,0,False,False,False,B,-0.85,16.6139,60000
2023-05-25 05:32:16,33,W+R,0,False,False,False,B,-0.85,16.5118,60000
2023-05-25 05:32:36,66,B+R,0,False,False,False,W,-0.85,16.5412,60000
2023-05-25 05:32:54,60,B+R,0,False,False,False,W,-0.85,16.6153,60000
2023-05-25 05:33:05,37,W+R,0,False,False,False,B,-0.85,16.621,60000
2023-05-25 05:33:16,33,W+R,0,False,False,False,B,-0.85,16.3494,60000
2023-05-25 05:33:28,39,W+R,0,False,False,False,B,-0.85,16.1254,60000
2023-05-25 05:33:48,66,B+R,4,False,False,False,W,-0.85,16.1784,60000
2023-05-25 05:33:57,33,W+R,0,False,False,False,B,-0.85,15.9813,60000
2023-05-25 05:34:06,33,W+R,0,False,False,False,B,-0.85,15.9521,60000
2023-05-25 05:34:22,54,B+R,0,False,False,False,W,-0.85,15.8972,60000
2023-05-25 05:34:47,79,W+R,4,False,False,False,B,-0.85,16.0334,60000
2023-05-25 05:34:58,32,B+R,0,False,False,False,W,-0.85,16.04,60000
2023-05-25 05:35:08,32,B+R,0,False,False,False,W,-0.85,15.9814,60000
2023-05-25 05:35:30,65,W+R,0,False,False,False,B,-0.85,16.0916,60000
2023-05-25 05:36:00,103,B+1.5,24,False,False,False,,-0.85,16.2301,60000
2023-05-25 05:36:19,59,W+R,0,False,False,False,B,-0.85,16.258,60000
2023-05-25 05:36:34,51,W+R,0,False,False,False,B,-0.85,16.2923,60000
2023-05-25 05:36:46,36,B+R,0,False,False,False,W,-0.85,16.3015,60000
2023-05-25 05:36:58,39,W+R,0,False,False,False,B,-0.85,16.3082,60000
2023-05-25 05:37:12,44,B+R,0,False,False,False,W,-0.85,16.3156,60000
2023-05-25 05:37:29,59,W+R,0,False,False,False,B,-0.85,16.3249,60000
2023-05-25 05:37:40,45,W+R,0,False,False,False,B,-0.85,16.2776,60000
2023-05-25 05:37:51,33,W+R,0,False,False,False,B,-0.85,16.2318,60000
2023-05-25 05:38:02,33,W+R,0,False,False,False,B,-0.85,16.1882,60000
2023-05-25 05:38:21,56,B+R,0,False,False,False,W,-0.85,16.2749,60000
2023-05-25 05:38:32,33,W+R,0,False,False,False,B,-0.85,16.2057,60000
2023-05-25 05:38:42,33,W+R,0,False,False,False,B,-0.85,16.191,60000
2023-05-25 05:38:53,33,W+R,0,False,False,False,B,-0.85,15.9993,60000
2023-05-25 05:39:12,58,W+1.5,6,True,True,False,B,-0.85,16.0712,60000
2023-05-25 05:39:21,33,W+R,0,False,False,False,B,-0.85,15.9742,60000
2023-05-25 05:39:35,50,B+R,0,False,False,False,W,-0.85,15.9581,60000
2023-05-25 05:39:53,54,B+R,0,False,False,False,W,-0.85,15.8828,60000
2023-05-25 05:40:27,115,W+3.5,25,True,True,False,B,-0.85,16.1166,60000
2023-05-25 05:42:27,140,B+3.5,25,True,True,False,W,-0.85,16.3333,61000
2023-05-25 05:42:36,32,B+R,0,False,False,False,W,-0.85,16.3446,61000
2023-05-25 05:42:51,46,B+R,0,False,False,False,W,-0.85,16.3574,61000
2023-05-25 05:43:27,113,B+2.5,11,True,True,False,W,-0.85,16.5391,61000
2023-05-25 05:43:52,79,W+4.5,5,True,True,False,B,-0.85,16.6864,61000
2023-05-25 05:44:02,32,B+R,0,False,False,False,W,-0.85,16.6695,61000
2023-05-25 05:44:12,33,W+R,0,False,False,False,B,-0.85,16.658,61000
2023-05-25 05:44:26,46,B+R,0,False,False,False,W,-0.85,16.6879,61000
2023-05-25 05:44:53,71,W+R,1,False,False,False,B,-0.85,16.8338,61000
2023-05-25 05:45:37,162,W+1.5,31,True,True,False,B,-0.85,17.1068,61000
2023-05-25 05:45:56,59,W+R,0,False,False,False,B,-0.85,17.1766,61000
2023-05-25 05:46:21,77,B+11.5,2,True,True,False,W,-0.85,17.3053,61000
2023-05-25 05:46:40,62,B+R,0,False,False,False,W,-0.85,17.3986,61000
2023-05-25 05:46:51,46,B+R,0,False,False,False,W,-0.85,17.3028,61000
2023-05-25 05:47:04,40,B+R,0,False,False,False,W,-0.85,17.1272,61000
2023-05-25 05:47:17,42,B+R,0,False,False,False,W,-0.85,16.9981,61000
2023-05-25 05:47:29,33,W+R,0,False,False,False,B,-0.85,16.921,61000
2023-05-25 05:47:40,34,B+R,0,False,False,False,W,-0.85,16.9222,61000
2023-05-25 05:47:47,34,B+R,0,False,False,False,W,-0.85,16.8974,61000
2023-05-25 05:47:55,33,W+R,1,False,False,False,B,-0.85,16.8422,61000
2023-05-25 05:48:16,73,W+R,6,False,False,False,B,-0.85,16.8041,61000
2023-05-25 05:48:28,35,W+R,0,False,False,False,B,-0.85,16.7105,61000
2023-05-25 05:48:43,53,W+R,0,False,False,False,B,-0.85,16.7503,61000
2023-05-25 05:48:50,35,W+R,0,False,False,False,B,-0.85,16.5056,61000
2023-05-25 05:49:18,81,W+R,4,False,False,False,B,-0.85,16.6698,61000
2023-05-25 05:49:41,68,B+R,0,False,False,False,W,-0.85,16.7233,61000
2023-05-25 05:49:57,50,B+R,0,False,False,False,W,-0.85,16.7668,61000
2023-05-25 05:50:10,40,B+R,0,False,False,False,W,-0.85,16.7514,61000
2023-05-25 05:50:27,46,B+R,0,False,False,False,W,-0.85,16.8416,61000
2023-05-25 05:50:40,39,W+R,0,False,False,False,B,-0.85,16.8844,61000
2023-05-25 05:50:59,54,B+R,0,False,False,False,W,-0.85,16.884,61000
2023-05-25 05:51:18,55,W+R,0,False,False,False,B,-0.85,16.9635,61000
2023-05-25 05:51:29,32,B+R,0,False,False,False,W,-0.85,16.9698,61000
2023-05-25 05:51:41,33,W+R,0,False,False,False,B,-0.85,16.79,61000
2023-05-25 05:52:02,60,B+R,0,False,False,False,W,-0.85,16.8927,61000
2023-05-25 05:52:12,32,B+R,0,False,False,False,W,-0.85,16.7565,61000
2023-05-25 05:52:32,63,W+R,0,False,False,False,B,-0.85,16.7776,61000
2023-05-25 05:52:42,32,B+R,0,False,False,False,W,-0.85,16.7298,61000
2023-05-25 05:52:51,33,W+R,0,False,False,False,B,-0.85,16.5678,61000
2023-05-25 05:53:04,46,B+R,0,False,False,False,W,-0.85,16.5138,61000
2023-05-25 05:53:14,33,W+R,0,False,False,False,B,-0.85,16.5302,61000
2023-05-25 05:54:43,32,B+R,0,False,False,False,W,-0.85,16.2718,62000
2023-05-25 05:55:00,55,W+R,1,False,False,False,B,-0.85,16.181,62000
2023-05-25 05:55:11,33,W+R,0,False,False,False,B,-0.85,16.1531,62000
2023-05-25 05:55:34,71,W+R,0,False,False,False,B,-0.85,16.2782,62000
2023-05-25 05:55:45,33,W+R,0,False,False,False,B,-0.85,16.2903,62000
2023-05-25 05:56:10,83,B+2.5,5,True,True,False,W,-0.85,16.165,62000
2023-05-25 05:56:21,33,W+R,0,False,False,False,B,-0.85,16.1163,62000
2023-05-25 05:56:31,36,B+R,0,False,False,False,W,-0.85,15.9476,62000
2023-05-25 05:56:39,33,W+R,1,False,False,False,B,-0.85,15.9239,62000
2023-05-25 05:56:49,45,W+R,0,False,False,False,B,-0.85,15.7426,62000
2023-05-25 05:57:06,58,B+R,0,False,False,False,W,-0.85,15.7705,62000
2023-05-25 05:57:16,33,W+R,0,False,False,False,B,-0.85,15.7719,62000
2023-05-25 05:57:48,103,W+4.5,15,True,True,False,B,-0.85,15.9492,62000
2023-05-25 05:58:06,57,W+R,3,False,False,False,B,-0.85,15.992,62000
2023-05-25 05:58:17,32,B+R,0,False,False,False,W,-0.85,15.8007,62000
2023-05-25 05:58:27,32,B+R,0,False,False,False,W,-0.85,15.8198,62000
2023-05-25 05:58:51,75,W+3.5,2,True,True,False,B,-0.85,15.962,62000
2023-05-25 05:59:01,33,W+R,0,False,False,False,B,-0.85,15.9655,62000
2023-05-25 05:59:23,73,W+R,0,False,False,False,B,-0.85,16.0105,62000
2023-05-25 05:59:32,32,B+R,0,False,False,False,W,-0.85,15.8856,62000
2023-05-25 05:59:40,33,W+R,0,False,False,False,B,-0.85,15.8631,62000
2023-05-25 06:00:00,67,W+R,0,False,False,False,B,-0.85,15.7691,62000
2023-05-25 06:00:53,162,B+5.5,39,True,True,False,W,-0.85,16.1369,62000
2023-05-25 06:01:16,78,B+R,1,False,False,False,W,-0.85,16.1324,62000
2023-05-25 06:01:37,69,W+R,6,False,False,False,B,-0.85,16.235,62000
2023-05-25 06:01:44,32,B+R,0,False,False,False,W,-0.85,16.1101,62000
2023-05-25 06:01:59,51,W+R,0,False,False,False,B,-0.85,16.0813,62000
2023-05-25 06:02:10,32,B+R,0,False,False,False,W,-0.85,16.0745,62000
2023-05-25 06:02:18,33,W+R,0,False,False,False,B,-0.85,16.0427,62000
2023-05-25 06:02:26,33,W+R,0,False,False,False,B,-0.85,16.0058,62000
2023-05-25 06:02:38,37,W+R,0,False,False,False,B,-0.85,15.9337,62000
2023-05-25 06:03:09,95,W+R,10,False,False,False,B,-0.85,16.1492,62000
2023-05-25 06:03:19,33,W+R,0,False,False,False,B,-0.85,16.1564,62000
2023-05-25 06:03:29,33,W+R,0,False,False,False,B,-0.85,16.092,62000
2023-05-25 06:03:46,52,B+R,0,False,False,False,W,-0.85,16.0206,62000
2023-05-25 06:03:57,37,W+R,0,False,False,False,B,-0.85,16.0146,62000
2023-05-25 06:04:19,69,W+R,0,False,False,False,B,-0.85,16.133,62000
2023-05-25 06:04:27,33,W+R,0,False,False,False,B,-0.85,15.9924,62000
2023-05-25 06:04:37,33,W+R,0,False,False,False,B,-0.85,15.7966,62000
2023-05-25 06:04:55,57,W+R,0,False,False,False,B,-0.85,15.7914,62000
2023-05-25 06:05:07,32,B+R,0,False,False,False,W,-0.85,15.7561,62000
2023-05-25 06:05:17,33,W+R,0,False,False,False,B,-0.85,15.7385,62000
2023-05-25 06:05:40,67,B+1.5,9,True,False,False,,-0.85,15.8517,62000
2023-05-25 06:06:24,158,B+R,14,False,False,False,W,-0.85,16.1524,62000
2023-05-25 06:07:56,32,B+R,0,False,False,False,W,-0.85,16.0685,63000
2023-05-25 06:08:06,33,W+R,0,False,False,False,B,-0.85,16.0626,63000
2023-05-25 06:08:19,42,B+R,0,False,False,False,W,-0.85,16.084,63000
2023-05-25 06:08:30,33,W+R,0,False,False,False,B,-0.85,16.003,63000
2023-05-25 06:08:38,37,W+R,0,False,False,False,B,-0.85,15.9742,63000
2023-05-25 06:08:45,35,W+R,0,False,False,False,B,-0.85,15.9456,63000
2023-05-25 06:08:56,33,W+R,0,False,False,False,B,-0.85,15.9495,63000
2023-05-25 06:09:35,97,W+R,15,False,False,False,B,-0.85,16.1413,63000
2023-05-25 06:09:54,57,W+R,1,False,False,False,B,-0.85,16.2428,63000
2023-05-25 06:10:18,77,B+0.5,7,False,False,False,,-0.85,16.3408,63000
2023-05-25 06:10:27,39,W+R,0,False,False,False,B,-0.85,16.2533,63000
2023-05-25 06:10:54,86,B+R,3,False,False,False,W,-0.85,16.1855,63000
2023-05-25 06:11:19,78,B+R,0,False,False,False,W,-0.85,16.3494,63000
2023-05-25 06:11:30,33,W+R,0,False,False,False,B,-0.85,16.0344,63000
2023-05-25 06:11:41,37,W+R,0,False,False,False,B,-0.85,16.0513,63000
2023-05-25 06:12:15,162,W+9.5,28,True,True,False,B,-0.85,16.2424,63000
2023-05-25 06:12:42,80,B+R,14,False,False,False,W,-0.85,16.1542,63000
2023-05-25 06:12:53,33,W+R,0,False,False,False,B,-0.85,16.0102,63000
2023-05-25 06:13:03,33,W+R,0,False,False,False,B,-0.85,16.0177,63000
2023-05-25 06:13:12,40,B+R,0,False,False,False,W,-0.85,16.0052,63000
2023-05-25 06:13:23,33,W+R,0,False,False,False,B,-0.85,15.9782,63000
2023-05-25 06:13:47,73,W+R,2,False,False,False,B,-0.85,15.9473,63000
2023-05-25 06:13:58,33,W+R,0,False,False,False,B,-0.85,15.6135,63000
2023-05-25 06:14:16,58,B+R,0,False,False,False,W,-0.85,15.6051,63000
2023-05-25 06:14:27,35,W+R,0,False,False,False,B,-0.85,15.4597,63000
2023-05-25 06:14:51,72,B+R,0,False,False,False,W,-0.85,15.5172,63000
2023-05-25 06:15:08,63,W+R,0,False,False,False,B,-0.85,15.5752,63000
2023-05-25 06:15:18,33,W+R,0,False,False,False,B,-0.85,15.5403,63000
2023-05-25 06:15:39,64,B+R,0,False,False,False,W,-0.85,15.6179,63000
2023-05-25 06:15:49,37,W+R,0,False,False,False,B,-0.85,15.6088,63000
2023-05-25 06:16:16,162,B+7.5,37,True,True,False,W,-0.85,15.7626,63000
2023-05-25 06:16:23,33,W+R,0,False,False,False,B,-0.85,15.7642,63000
2023-05-25 06:16:35,41,W+R,0,False,False,False,B,-0.85,15.8081,63000
2023-05-25 06:16:44,33,W+R,0,False,False,False,B,-0.85,15.6775,63000
2023-05-25 06:17:08,76,B+R,0,False,False,False,W,-0.85,15.7991,63000
2023-05-25 06:17:19,32,B+R,0,False,False,False,W,-0.85,15.7581,63000
2023-05-25 06:17:40,56,B+R,0,False,False,False,W,-0.85,15.8959,63000
2023-05-25 06:17:49,36,B+R,0,False,False,False,W,-0.85,15.7167,63000
2023-05-25 06:17:59,34,B+R,0,False,False,False,W,-0.85,15.5846,63000
2023-05-25 06:18:24,80,W+0.5,3,False,False,False,,-0.85,15.6752,63000
2023-05-25 06:18:37,46,B+R,0,False,False,False,W,-0.85,15.6719,63000
2023-05-25 06:18:47,33,W+R,0,False,False,False,B,-0.85,15.6046,63000
2023-05-25 06:19:13,99,W+5.5,15,True,True,False,B,-0.85,15.7279,63000
2023-05-25 06:19:32,57,W+R,0,False,False,False,B,-0.85,15.7399,63000
2023-05-25 06:19:42,33,W+R,0,False,False,False,B,-0.85,15.6428,63000
2023-05-25 06:19:59,55,W+R,0,False,False,False,B,-0.85,15.6992,63000
2023-05-25 06:20:10,33,W+R,0,False,False,False,B,-0.85,15.6962,63000
2023-05-25 06:22:07,42,B+R,0,False,False,False,W,-0.85,15.8164,64000
2023-05-25 06:22:16,33,W+R,0,False,False,False,B,-0.85,15.7092,64000
2023-05-25 06:22:23,33,W+R,0,False,False,False,B,-0.85,15.6798,64000
2023-05-25 06:22:32,33,W+R,0,False,False,False,B,-0.85,15.6813,64000
2023-05-25 06:23:04,103,W+0.5,16,True,True,False,B,-0.85,15.8632,64000
2023-05-25 06:23:17,49,W+R,0,False,False,False,B,-0.85,15.8949,64000
2023-05-25 06:23:27,33,W+R,0,False,False,False,B,-0.85,15.8851,64000
2023-05-25 06:23:34,33,W+R,0,False,False,False,B,-0.85,15.852,64000
2023-05-25 06:23:44,33,W+R,0,False,False,False,B,-0.85,15.7877,64000
2023-05-25 06:24:08,66,B+R,0,False,False,False,W,-0.85,15.9152,64000
2023-05-25 06:24:20,34,B+R,0,False,False,False,W,-0.85,15.8057,64000
2023-05-25 06:24:41,65,W+R,0,False,False,False,B,-0.85,15.9011,64000
2023-05-25 06:24:54,43,W+R,0,False,False,False,B,-0.85,15.7902,64000
2023-05-25 06:25:05,33,W+R,0,False,False,False,B,-0.85,15.7855,64000
2023-05-25 06:25:33,82,B+R,1,False,False,False,W,-0.85,15.9672,64000
2023-05-25 06:25:43,32,B+R,0,False,False,False,W,-0.85,15.9903,64000
2023-05-25 06:25:54,33,W+R,0,False,False,False,B,-0.85,15.994,64000
2023-05-25 06:26:19,74,B+R,1,False,False,False,W,-0.85,16.0736,64000
2023-05-25 06:26:30,33,W+R,0,False,False,False,B,-0.85,16.078,64000
2023-05-25 06:26:40,33,W+R,0,False,False,False,B,-0.85,15.8687,64000
2023-05-25 06:26:50,33,W+R,0,False,False,False,B,-0.85,15.7844,64000
2023-05-25 06:26:59,33,W+R,0,False,False,False,B,-0.85,15.7706,64000
2023-05-25 06:27:20,68,B+R,2,False,False,False,W,-0.85,15.8726,64000
2023-05-25 06:27:37,61,W+R,0,False,False,False,B,-0.85,15.806,64000
2023-05-25 06:27:48,33,W+R,0,False,False,False,B,-0.85,15.8092,64000
2023-05-25 06:28:07,58,B+R,0,False,False,False,W,-0.85,15.7881,64000
2023-05-25 06:28:17,32,B+R,0,False,False,False,W,-0.85,15.8031,64000
2023-05-25 06:28:33,53,W+R,0,False,False,False,B,-0.85,15.8733,64000
2023-05-25 06:28:40,33,W+R,0,False,False,False,B,-0.85,15.7415,64000
2023-05-25 06:28:48,32,B+R,0,False,False,False,W,-0.85,15.3028,64000
2023-05-25 06:29:03,51,W+R,0,False,False,False,B,-0.85,15.2224,64000
2023-05-25 06:29:18,58,B+R,0,False,False,False,W,-0.85,15.1555,64000
2023-05-25 06:29:35,50,B+R,0,False,False,False,W,-0.85,15.2522,64000
2023-05-25 06:29:54,62,B+R,0,False,False,False,W,-0.85,15.2917,64000
2023-05-25 06:30:04,32,B+R,0,False,False,False,W,-0.85,15.2874,64000
2023-05-25 06:30:18,45,W+R,0,False,False,False,B,-0.85,15.3467,64000
2023-05-25 06:30:27,32,B+R,0,False,False,False,W,-0.85,15.3511,64000
2023-05-25 06:30:41,66,B+R,2,False,False,False,W,-0.85,15.3741,64000
2023-05-25 06:31:07,92,B+3.5,5,True,True,False,W,-0.85,15.3237,64000
2023-05-25 06:31:40,101,B+4.5,12,True,True,False,W,-0.85,15.5512,64000
2023-05-25 06:32:10,111,W+1.5,21,True,True,False,B,-0.85,15.7569,64000
2023-05-25 06:32:33,76,B+R,0,False,False,False,W,-0.85,15.811,64000
2023-05-25 06:32:44,47,W+R,0,False,False,False,B,-0.85,15.824,64000
2023-05-25 06:32:54,32,B+R,0,False,False,False,W,-0.85,15.6974,64000
2023-05-25 06:33:05,35,W+R,0,False,False,False,B,-0.85,15.7267,64000
2023-05-25 06:33:15,33,W+R,0,False,False,False,B,-0.85,15.7306,64000
2023-05-25 06:33:26,33,W+R,0,False,False,False,B,-0.85,15.6535,64000
2023-05-25 06:35:16,37,W+R,0,False,False,False,B,-0.85,15.8508,65000
2023-05-25 06:35:48,111,W+1.5,26,True,True,False,B,-0.85,15.9368,65000
2023-05-25 06:35:57,33,W+R,0,False,False,False,B,-0.85,15.5826,65000
2023-05-25 06:36:37,162,W+1.5,25,True,True,False,B,-0.85,15.8916,65000
2023-05-25 06:36:53,58,B+R,1,False,False,False,W,-0.85,15.9499,65000
2023-05-25 06:37:07,41,W+R,0,False,False,False,B,-0.85,15.9843,65000
2023-05-25 06:37:31,73,W+R,0,False,False,False,B,-0.85,16.0957,65000
2023-05-25 06:37:45,44,B+R,0,False,False,False,W,-0.85,16.1285,65000
2023-05-25 06:37:54,33,W+R,0,False,False,False,B,-0.85,16.1284,65000
2023-05-25 06:38:00,33,W+R,0,False,False,False,B,-0.85,16.1247,65000
2023-05-25 06:38:29,115,W+0.5,20,True,True,False,B,-0.85,16.2939,65000
2023-05-25 06:38:49,76,B+R,0,False,False,False,W,-0.85,16.1153,65000
2023-05-25 06:39:01,43,W+R,0,False,False,False,B,-0.85,16.0453,65000
2023-05-25 06:39:12,41,W+R,0,False,False,False,B,-0.85,15.9147,65000
2023-05-25 06:39:23,49,W+R,0,False,False,False,B,-0.85,15.9263,65000
2023-05-25 06:39:32,41,W+R,0,False,False,False,B,-0.85,15.7441,65000
2023-05-25 06:39:50,60,B+4.5,2,True,True,False,W,-0.85,15.6742,65000
2023-05-25 06:40:02,41,W+R,0,False,False,False,B,-0.85,15.6912,65000
2023-05-25 06:40:13,33,W+R,0,False,False,False,B,-0.85,15.6969,65000
2023-05-25 06:40:48,113,W+0.5,20,True,True,False,B,-0.85,15.7,65000
2023-05-25 06:41:22,106,W+0.5,12,True,True,False,B,-0.85,15.7687,65000
2023-05-25 06:41:41,58,B+R,0,False,False,False,W,-0.85,15.85,65000
2023-05-25 06:41:52,33,W+R,0,False,False,False,B,-0.85,15.8543,65000
2023-05-25 06:42:02,34,B+R,0,False,False,False,W,-0.85,15.8714,65000
2023-05-25 06:42:46,161,W+R,19,False,False,False,B,-0.85,16.197,65000
2023-05-25 06:43:23,116,B+3.5,21,True,True,False,W,-0.85,16.3306,65000
2023-05-25 06:43:33,33,W+R,0,False,False,False,B,-0.85,16.3285,65000
2023-05-25 06:44:01,91,B+2.5,6,True,True,False,W,-0.85,16.4182,65000
2023-05-25 06:44:13,33,W+R,0,False,False,False,B,-0.85,16.4334,65000
2023-05-25 06:44:24,33,W+R,0,False,False,False,B,-0.85,16.3068,65000
2023-05-25 06:44:42,53,W+R,0,False,False,False,B,-0.85,16.3086,65000
2023-05-25 06:44:52,33,W+R,0,False,False,False,B,-0.85,16.3152,65000
2023-05-25 06:45:03,33,W+R,0,False,False,False,B,-0.85,16.2107,65000
2023-05-25 06:45:37,123,W+4.5,19,True,True,False,B,-0.85,16.4524,65000
2023-05-25 06:45:57,61,W+R,4,False,False,False,B,-0.85,16.3816,65000
2023-05-25 06:46:15,58,B+R,0,False,False,False,W,-0.85,16.49,65000
2023-05-25 06:46:31,60,B+R,0,False,False,False,W,-0.85,16.5356,65000
2023-05-25 06:48:00,33,W+R,0,False,False,False,B,-0.85,16.3955,66000
2023-05-25 06:48:45,138,B+7.5,11,True,True,False,W,-0.85,16.7425,66000
2023-05-25 06:48:56,32,B+R,0,False,False,False,W,-0.85,16.6439,66000
2023-05-25 06:49:09,43,W+R,0,False,False,False,B,-0.85,16.678,66000
2023-05-25 06:49:20,33,W+R,0,False,False,False,B,-0.85,16.6847,66000
2023-05-25 06:49:31,33,W+R,0,False,False,False,B,-0.85,16.5506,66000
2023-05-25 06:49:44,33,W+R,0,False,False,False,B,-0.85,16.5444,66000
2023-05-25 06:49:55,33,W+R,0,False,False,False,B,-0.85,16.5668,66000
2023-05-25 06:50:07,33,W+R,0,False,False,False,B,-0.85,16.4216,66000
2023-05-25 06:50:19,33,W+R,0,False,False,False,B,-0.85,16.3478,66000
2023-05-25 06:50:54,113,B+4.5,14,True,True,True,B,-0.85,16.6059,66000
2023-05-25 06:51:08,40,B+R,0,False,False,False,W,-0.85,16.5709,66000
2023-05-25 06:51:21,37,W+R,0,False,False,False,B,-0.85,16.5902,66000
2023-05-25 06:51:33,32,B+R,0,False,False,False,W,-0.85,16.4156,66000
2023-05-25 06:51:50,61,W+R,2,False,False,False,B,-0.85,16.4555,66000
2023-05-25 06:52:02,37,W+R,0,False,False,False,B,-0.85,16.4788,66000
2023-05-25 06:52:13,33,W+R,0,False,False,False,B,-0.85,16.5157,66000
2023-05-25 06:52:26,37,W+R,0,False,False,False,B,-0.85,16.5529,66000
2023-05-25 06:52:36,33,W+R,0,False,False,False,B,-0.85,16.3423,66000
2023-05-25 06:52:54,52,B+R,0,False,False,False,W,-0.85,16.3842,66000
2023-05-25 06:53:08,45,W+R,0,False,False,False,B,-0.85,16.4277,66000
2023-05-25 06:53:19,32,B+R,0,False,False,False,W,-0.85,16.4615,66000
2023-05-25 06:53:42,77,W+R,3,False,False,False,B,-0.85,16.5972,66000
2023-05-25 06:54:04,68,B+R,0,False,False,False,W,-0.85,16.5751,66000
2023-05-25 06:54:16,45,W+R,0,False,False,False,B,-0.85,16.5774,66000
2023-05-25 06:54:32,70,B+R,0,False,False,False,W,-0.85,16.5352,66000
2023-05-25 06:54:45,39,W+R,0,False,False,False,B,-0.85,16.5297,66000
2023-05-25 06:54:55,33,W+R,0,False,False,False,B,-0.85,16.526,66000
2023-05-25 06:55:06,35,W+R,0,False,False,False,B,-0.85,16.3439,66000
2023-05-25 06:55:27,65,W+R,1,False,False,False,B,-0.85,16.4556,66000
2023-05-25 06:55:47,68,B+R,0,False,False,False,W,-0.85,16.5453,66000
2023-05-25 06:55:58,33,W+R,0,False,False,False,B,-0.85,16.4048,66000
2023-05-25 06:56:12,42,B+R,0,False,False,False,W,-0.85,16.4403,66000
2023-05-25 06:56:30,51,W+R,0,False,False,False,B,-0.85,16.5147,66000
2023-05-25 06:56:41,39,W+R,0,False,False,False,B,-0.85,16.5269,66000
2023-05-25 06:56:55,42,B+R,0,False,False,False,W,-0.85,16.5756,66000
2023-05-25 06:57:06,33,W+R,0,False,False,False,B,-0.85,16.4743,66000
2023-05-25 06:57:43,115,W+2.5,28,True,True,False,B,-0.85,16.6786,66000
2023-05-25 06:58:13,71,W+R,0,False,False,False,B,-0.85,16.8677,66000
2023-05-25 06:58:27,51,W+R,0,False,False,False,B,-0.85,16.8131,66000
2023-05-25 06:58:35,41,W+R,0,False,False,False,B,-0.85,16.7945,66000
2023-05-25 06:58:42,32,B+R,0,False,False,False,W,-0.85,16.7091,66000
2023-05-25 06:58:50,33,W+R,0,False,False,False,B,-0.85,16.7163,66000
2023-05-25 06:58:59,32,B+R,0,False,False,False,W,-0.85,16.7221,66000
2023-05-25 06:59:11,34,B+R,0,False,False,False,W,-0.85,16.6886,66000
2023-05-25 06:59:22,33,W+R,0,False,False,False,B,-0.85,16.6565,66000
2023-05-25 07:00:59,47,W+R,0,False,False,False,B,-0.85,16.5715,67000
2023-05-25 07:01:11,33,W+R,0,False,False,False,B,-0.85,16.5801,67000
2023-05-25 07:01:22,33,W+R,0,False,False,False,B,-0.85,16.5588,67000
2023-05-25 07:01:38,59,W+R,0,False,False,False,B,-0.85,16.6243,67000
2023-05-25 07:01:48,33,W+R,0,False,False,False,B,-0.85,16.5819,67000
2023-05-25 07:01:59,33,W+R,0,False,False,False,B,-0.85,16.4347,67000
2023-05-25 07:02:10,33,W+R,0,False,False,False,B,-0.85,16.2135,67000
2023-05-25 07:02:20,33,W+R,0,False,False,False,B,-0.85,16.0199,67000
2023-05-25 07:02:32,33,W+R,0,False,False,False,B,-0.85,15.903,67000
2023-05-25 07:02:48,48,B+R,0,False,False,False,W,-0.85,15.9504,67000
2023-05-25 07:02:59,32,B+R,0,False,False,False,W,-0.85,15.9661,67000
2023-05-25 07:03:17,57,W+R,0,False,False,False,B,-0.85,16.0369,67000
2023-05-25 07:03:24,33,W+R,0,False,False,False,B,-0.85,15.9962,67000
2023-05-25 07:04:09,162,W+3.5,35,True,True,False,B,-0.85,16.3462,67000
2023-05-25 07:04:26,54,B+R,0,False,False,False,W,-0.85,16.2386,67000
2023-05-25 07:04:36,33,W+R,0,False,False,False,B,-0.85,16.2048,67000
2023-05-25 07:04:46,33,W+R,0,False,False,False,B,-0.85,15.9853,67000
2023-05-25 07:04:57,33,W+R,0,False,False,False,B,-0.85,16.0059,67000
2023-05-25 07:05:07,33,W+R,0,False,False,False,B,-0.85,15.7005,67000
2023-05-25 07:05:24,61,W+R,2,False,False,False,B,-0.85,15.7085,67000
2023-05-25 07:05:34,33,W+R,0,False,False,False,B,-0.85,15.6717,67000
2023-05-25 07:05:58,92,W+7.5,7,True,True,False,B,-0.85,15.6725,67000
2023-05-25 07:06:05,33,W+R,0,False,False,False,B,-0.85,15.6024,67000
2023-05-25 07:06:15,33,W+R,0,False,False,False,B,-0.85,15.6167,67000
2023-05-25 07:06:26,33,W+R,0,False,False,False,B,-0.85,15.6563,67000
2023-05-25 07:06:36,33,W+R,0,False,False,False,B,-0.85,15.4806,67000
2023-05-25 07:06:47,33,W+R,0,False,False,False,B,-0.85,15.3794,67000
2023-05-25 07:06:57,33,W+R,0,False,False,False,B,-0.85,15.3606,67000
2023-05-25 07:07:09,39,W+R,0,False,False,False,B,-0.85,15.3686,67000
2023-05-25 07:07:28,67,W+R,0,False,False,False,B,-0.85,15.4564,67000
2023-05-25 07:07:37,33,W+R,0,False,False,False,B,-0.85,15.4514,67000
2023-05-25 07:07:47,33,W+R,0,False,False,False,B,-0.85,15.3738,67000
2023-05-25 07:07:57,33,W+R,0,False,False,False,B,-0.85,15.3522,67000
2023-05-25 07:08:41,162,W+3.5,37,True,True,False,B,-0.85,15.6775,67000
2023-05-25 07:08:52,37,W+R,0,False,False,False,B,-0.85,15.4475,67000
2023-05-25 07:09:03,33,W+R,0,False,False,False,B,-0.85,15.2163,67000
2023-05-25 07:09:14,33,W+R,0,False,False,False,B,-0.85,15.1323,67000
2023-05-25 07:09:24,33,W+R,0,False,False,False,B,-0.85,15.1247,67000
2023-05-25 07:09:44,58,B+R,0,False,False,False,W,-0.85,15.22,67000
2023-05-25 07:10:16,117,W+1.5,20,True,True,False,B,-0.85,15.1032,67000
2023-05-25 07:10:29,48,B+R,0,False,False,False,W,-0.85,14.863,67000
2023-05-25 07:10:36,32,B+R,0,False,False,False,W,-0.85,14.831,67000
2023-05-25 07:10:47,33,W+R,0,False,False,False,B,-0.85,14.6638,67000
2023-05-25 07:10:58,33,W+R,0,False,False,False,B,-0.85,14.6476,67000
2023-05-25 07:11:08,33,W+R,0,False,False,False,B,-0.85,14.6411,67000
2023-05-25 07:11:19,33,W+R,0,False,False,False,B,-0.85,14.577,67000
2023-05-25 07:12:44,32,B+R,0,False,False,False,W,-0.85,14.5633,68000
2023-05-25 07:12:57,45,W+R,0,False,False,False,B,-0.85,14.3467,68000
2023-05-25 07:13:13,55,W+R,0,False,False,False,B,-0.85,14.3083,68000
2023-05-25 07:13:47,159,W+R,44,False,False,False,B,-0.85,14.4741,68000
2023-05-25 07:13:57,33,W+R,0,False,False,False,B,-0.85,14.4099,68000
2023-05-25 07:14:07,33,W+R,0,False,False,False,B,-0.85,14.4307,68000
2023-05-25 07:14:24,57,W+R,0,False,False,False,B,-0.85,14.4864,68000
2023-05-25 07:14:48,84,W+5.5,8,True,True,False,B,-0.85,14.2736,68000
2023-05-25 07:15:14,70,B+R,0,False,False,False,W,-0.85,14.4214,68000
2023-05-25 07:15:50,162,W+12.5,41,True,True,False,B,-0.85,14.6507,68000
2023-05-25 07:16:01,35,W+R,0,False,False,False,B,-0.85,14.6533,68000
2023-05-25 07:16:22,76,B+R,1,False,False,False,W,-0.85,14.7546,68000
2023-05-25 07:16:41,60,B+R,0,False,False,False,W,-0.85,14.8142,68000
2023-05-25 07:16:49,33,W+R,0,False,False,False,B,-0.85,14.7774,68000
2023-05-25 07:17:02,41,W+R,0,False,False,False,B,-0.85,14.7917,68000
2023-05-25 07:17:21,65,W+R,3,False,False,False,B,-0.85,14.8639,68000
2023-05-25 07:17:31,32,B+R,0,False,False,False,W,-0.85,14.6091,68000
2023-05-25 07:17:42,33,W+R,0,False,False,False,B,-0.85,14.581,68000
2023-05-25 07:17:51,33,W+R,0,False,False,False,B,-0.85,14.5416,68000
2023-05-25 07:18:11,64,B+R,0,False,False,False,W,-0.85,14.6257,68000
2023-05-25 07:18:20,33,W+R,0,False,False,False,B,-0.85,14.5402,68000
2023-05-25 07:18:29,33,W+R,0,False,False,False,B,-0.85,14.5069,68000
2023-05-25 07:18:35,32,B+R,0,False,False,False,W,-0.85,14.4631,68000
2023-05-25 07:18:47,40,B+R,0,False,False,False,W,-0.85,14.448,68000
2023-05-25 07:18:56,33,W+R,0,False,False,False,B,-0.85,14.4417,68000
2023-05-25 07:19:11,44,B+R,0,False,False,False,W,-0.85,14.4174,68000
2023-05-25 07:19:21,35,W+R,0,False,False,False,B,-0.85,14.3694,68000
2023-05-25 07:19:31,33,W+R,0,False,False,False,B,-0.85,14.3704,68000
2023-05-25 07:19:42,36,B+R,0,False,False,False,W,-0.85,14.2372,68000
2023-05-25 07:19:59,57,W+R,0,False,False,False,B,-0.85,14.1937,68000
2023-05-25 07:20:22,74,B+R,0,False,False,False,W,-0.85,14.3094,68000
2023-05-25 07:20:33,33,W+R,0,False,False,False,B,-0.85,14.2485,68000
2023-05-25 07:20:55,75,W+R,11,False,False,False,B,-0.85,14.3439,68000
2023-05-25 07:21:17,69,B+7.5,7,True,True,False,W,-0.85,14.4559,68000
2023-05-25 07:21:43,81,W+R,5,False,False,False,B,-0.85,14.6119,68000
2023-05-25 07:21:53,35,W+R,0,False,False,False,B,-0.85,14.5039,68000
2023-05-25 07:22:04,33,W+R,0,False,False,False,B,-0.85,14.4164,68000
2023-05-25 07:22:39,128,W+2.5,24,True,True,False,B,-0.85,14.6499,68000
2023-05-25 07:22:47,33,W+R,0,False,False,False,B,-0.85,14.5953,68000
2023-05-25 07:22:57,33,W+R,0,False,False,False,B,-0.85,14.5122,68000
2023-05-25 07:23:11,51,W+R,0,False,False,False,B,-0.85,14.5459,68000
2023-05-25 07:23:27,53,W+R,0,False,False,False,B,-0.85,14.5584,68000
2023-05-25 07:23:43,58,B+R,0,False,False,False,W,-0.85,14.6179,68000
2023-05-25 07:23:58,46,B+R,0,False,False,False,W,-0.85,14.3869,68000
2023-05-25 07:24:08,33,W+R,0,False,False,False,B,-0.85,14.1979,68000
2023-05-25 07:25:46,57,W+R,3,False,False,False,B,-0.85,14.2889,69000
2023-05-25 07:26:00,61,W+R,0,False,False,False,B,-0.85,14.362,69000
2023-05-25 07:26:11,33,W+R,0,False,False,False,B,-0.85,14.3919,69000
2023-05-25 07:26:22,33,W+R,0,False,False,False,B,-0.85,14.4082,69000
2023-05-25 07:26:37,45,W+R,0,False,False,False,B,-0.85,14.4422,69000
2023-05-25 07:26:46,33,W+R,0,False,False,False,B,-0.85,14.4249,69000
2023-05-25 07:26:59,49,W+R,0,False,False,False,B,-0.85,14.4437,69000
2023-05-25 07:27:10,33,W+R,0,False,False,False,B,-0.85,14.3888,69000
2023-05-25 07:27:40,82,B+R,3,False,False,False,W,-0.85,14.5781,69000
2023-05-25 07:28:09,92,B+R,2,False,False,False,W,-0.85,14.7476,69000
2023-05-25 07:28:20,33,W+R,0,False,False,False,B,-0.85,14.711,69000
2023-05-25 07:28:31,33,W+R,0,False,False,False,B,-0.85,14.713,69000
2023-05-25 07:28:41,33,W+R,0,False,False,False,B,-0.85,14.6992,69000
2023-05-25 07:29:12,96,B+5.5,8,True,True,False,W,-0.85,14.902,69000
2023-05-25 07:29:22,33,W+R,0,False,False,False,B,-0.85,14.8977,69000
2023-05-25 07:29:34,33,W+R,0,False,False,False,B,-0.85,14.9031,69000
2023-05-25 07:29:45,33,W+R,0,False,False,False,B,-0.85,14.8475,69000
2023-05-25 07:29:55,33,W+R,0,False,False,False,B,-0.85,14.8435,69000
2023-05-25 07:30:05,33,W+R,0,False,False,False,B,-0.85,14.7624,69000
2023-05-25 07:30:18,37,W+R,0,False,False,False,B,-0.85,14.8237,69000
2023-05-25 07:30:30,43,W+R,0,False,False,False,B,-0.85,14.4956,69000
2023-05-25 07:30:38,33,W+R,0,False,False,False,B,-0.85,14.3986,69000
2023-05-25 07:30:47,33,W+R,0,False,False,False,B,-0.85,14.396,69000
2023-05-25 07:31:20,92,W+0.5,11,True,True,False,B,-0.85,14.6191,69000
2023-05-25 07:31:42,72,W+0.5,15,True,True,False,B,-0.85,14.7371,69000
2023-05-25 07:31:52,33,W+R,0,False,False,False,B,-0.85,14.7334,69000
2023-05-25 07:32:03,33,W+R,0,False,False,False,B,-0.85,14.6709,69000
2023-05-25 07:32:18,61,W+R,0,False,False,False,B,-0.85,14.7271,69000
2023-05-25 07:32:30,37,W+R,0,False,False,False,B,-0.85,14.5987,69000
2023-05-25 07:32:40,33,W+R,0,False,False,False,B,-0.85,14.6326,69000
2023-05-25 07:33:05,95,B+1.5,10,True,True,False,W,-0.85,14.7841,69000
2023-05-25 07:33:15,33,W+R,0,False,False,False,B,-0.85,14.7776,69000
2023-05-25 07:33:30,45,W+R,0,False,False,False,B,-0.85,14.8159,69000
2023-05-25 07:33:49,70,B+R,2,False,False,False,W,-0.85,14.9052,69000
2023-05-25 07:33:57,33,W+R,0,False,False,False,B,-0.85,14.8862,69000
2023-05-25 07:34:07,33,W+R,0,False,False,False,B,-0.85,14.868,69000
2023-05-25 07:34:33,117,W+1.5,20,True,True,False,B,-0.85,14.9306,69000
2023-05-25 07:34:43,33,W+R,0,False,False,False,B,-0.85,14.9425,69000
2023-05-25 07:34:57,42,B+R,0,False,False,False,W,-0.85,14.9885,69000
2023-05-25 07:35:08,33,W+R,0,False,False,False,B,-0.85,14.9876,69000
2023-05-25 07:35:27,57,W+R,0,False,False,False,B,-0.85,14.7427,69000
2023-05-25 07:35:37,33,W+R,0,False,False,False,B,-0.85,14.7302,69000
2023-05-25 07:35:45,33,W+R,0,False,False,False,B,-0.85,14.6942,69000
2023-05-25 07:35:53,40,B+R,0,False,False,False,W,-0.85,14.6779,69000
2023-05-25 07:37:31,33,W+R,0,False,False,False,B,-0.85,14.8035,70000
2023-05-25 07:37:46,50,B+R,0,False,False,False,W,-0.85,14.6305,70000
2023-05-25 07:38:12,79,W+R,3,False,False,False,B,-0.85,14.7576,70000
2023-05-25 07:38:20,33,W+R,0,False,False,False,B,-0.85,14.7645,70000
2023-05-25 07:38:32,39,W+R,0,False,False,False,B,-0.85,14.7753,70000
2023-05-25 07:38:46,47,W+R,0,False,False,False,B,-0.85,14.8085,70000
2023-05-25 07:38:58,32,B+R,0,False,False,False,W,-0.85,14.8245,70000
2023-05-25 07:39:14,53,W+R,0,False,False,False,B,-0.85,14.8815,70000
2023-05-25 07:39:23,33,W+R,0,False,False,False,B,-0.85,14.8901,70000
2023-05-25 07:39:40,65,B+1.5,4,False,False,False,,-0.85,14.939,70000
2023-05-25 07:39:53,40,B+R,0,False,False,False,W,-0.85,14.9436,70000
2023-05-25 07:40:10,61,W+R,0,False,False,False,B,-0.85,14.9569,70000
2023-05-25 07:40:20,33,W+R,0,False,False,False,B,-0.85,14.7073,70000
2023-05-25 07:40:39,55,W+R,0,False,False,False,B,-0.85,14.7945,70000
2023-05-25 07:40:48,34,B+R,0,False,False,False,W,-0.85,14.7872,70000
2023-05-25 07:40:57,33,W+R,0,False,False,False,B,-0.85,14.7118,70000
2023-05-25 07:41:13,54,B+R,0,False,False,False,W,-0.85,14.6306,70000
2023-05-25 07:41:22,33,W+R,0,False,False,False,B,-0.85,14.4629,70000
2023-05-25 07:41:50,77,W+R,3,False,False,False,B,-0.85,14.3853,70000
2023-05-25 07:42:00,33,W+R,1,False,False,False,B,-0.85,14.3738,70000
2023-05-25 07:42:11,43,W+R,0,False,False,False,B,-0.85,14.2744,70000
2023-05-25 07:42:24,40,B+R,0,False,False,False,W,-0.85,14.2121,70000
2023-05-25 07:42:33,33,W+R,0,False,False,False,B,-0.85,14.2249,70000
2023-05-25 07:42:47,47,W+R,0,False,False,False,B,-0.85,14.2307,70000
2023-05-25 07:43:03,54,B+R,0,False,False,False,W,-0.85,14.2057,70000
2023-05-25 07:43:15,37,W+R,0,False,False,False,B,-0.85,14.2255,70000
2023-05-25 07:43:43,91,W+5.5,7,True,True,False,B,-0.85,14.3945,70000
2023-05-25 07:43:57,43,W+R,0,False,False,False,B,-0.85,14.4487,70000
2023-05-25 07:44:07,33,W+R,0,False,False,False,B,-0.85,14.3486,70000
2023-05-25 07:44:18,34,B+R,0,False,False,False,W,-0.85,14.3623,70000
2023-05-25 07:44:29,33,W+R,0,False,False,False,B,-0.85,14.3908,70000
2023-05-25 07:44:50,65,B+3.5,5,False,False,False,,-0.85,14.5311,70000
2023-05-25 07:45:25,99,B+3.5,16,False,False,False,,-0.85,14.7686,70000
2023-05-25 07:46:12,117,W+R,15,False,False,False,B,-0.85,15.142,70000
2023-05-25 07:46:22,33,W+R,0,False,False,False,B,-0.85,15.0856,70000
2023-05-25 07:46:32,37,W+R,0,False,False,False,B,-0.85,15.0954,70000
2023-05-25 07:46:42,33,W+R,0,False,False,False,B,-0.85,15.0864,70000
2023-05-25 07:46:52,33,W+R,0,False,False,False,B,-0.85,15.0862,70000
2023-05-25 07:47:03,37,W+R,0,False,False,False,B,-0.85,15.0255,70000
2023-05-25 07:47:14,35,W+R,0,False,False,False,B,-0.85,14.8976,70000
2023-05-25 07:47:26,33,W+R,0,False,False,False,B,-0.85,14.9104,70000
2023-05-25 07:47:43,54,B+R,0,False,False,False,W,-0.85,14.8632,70000
2023-05-25 07:48:21,102,B+R,10,False,False,False,W,-0.85,15.0274,70000
2023-05-25 07:49:00,133,W+R,30,False,False,False,B,-0.85,15.1489,70000
2023-05-25 07:49:09,33,W+R,0,False,False,False,B,-0.85,15.1429,70000
2023-05-25 07:50:36,33,W+R,0,False,False,False,B,-0.85,14.8982,71000
2023-05-25 07:51:13,141,W+2.5,29,True,True,False,B,-0.85,15.175,71000
2023-05-25 07:51:23,33,W+R,0,False,False,False,B,-0.85,15.1768,71000
2023-05-25 07:51:38,49,W+R,0,False,False,False,B,-0.85,15.1863,71000
2023-05-25 07:51:49,33,W+R,0,False,False,False,B,-0.85,15.1393,71000
2023-05-25 07:52:18,80,B+R,0,False,False,False,W,-0.85,15.269,71000
2023-05-25 07:52:30,33,W+R,0,False,False,False,B,-0.85,15.2436,71000
2023-05-25 07:52:42,39,W+R,0,False,False,False,B,-0.85,15.2568,71000
2023-05-25 07:53:08,85,W+3.5,12,True,True,False,B,-0.85,15.364,71000
2023-05-25 07:53:19,33,W+R,0,False,False,False,B,-0.85,15.3166,71000
2023-05-25 07:53:28,33,W+R,0,False,False,False,B,-0.85,15.2622,71000
2023-05-25 07:53:39,35,W+R,0,False,False,False,B,-0.85,15.2627,71000
2023-05-25 07:53:56,53,W+R,4,False,False,False,B,-0.85,15.3301,71000
2023-05-25 07:54:06,33,W+R,0,False,False,False,B,-0.85,15.2722,71000
2023-05-25 07:54:16,33,W+R,0,False,False,False,B,-0.85,15.2773,71000
2023-05-25 07:54:26,33,W+R,0,False,False,False,B,-0.85,15.2484,71000
2023-05-25 07:54:56,109,B+2.5,15,True,True,False,W,-0.85,15.4399,71000
2023-05-25 07:55:33,162,B+1.5,35,True,True,False,W,-0.85,15.5109,71000
2023-05-25 07:55:44,33,W+R,0,False,False,False,B,-0.85,15.3324,71000
2023-05-25 07:56:00,52,B+R,0,False,False,False,W,-0.85,15.383,71000
2023-05-25 07:56:15,52,B+R,0,False,False,False,W,-0.85,15.4293,71000
2023-05-25 07:56:25,33,W+R,0,False,False,False,B,-0.85,15.4242,71000
2023-05-25 07:56:47,69,W+R,0,False,False,False,B,-0.85,15.3425,71000
2023-05-25 07:57:17,82,W+3.5,3,True,True,False,B,-0.85,15.5343,71000
2023-05-25 07:57:28,33,W+R,0,False,False,False,B,-0.85,15.5212,71000
2023-05-25 07:57:41,45,W+R,0,False,False,False,B,-0.85,15.5482,71000
2023-05-25 07:58:05,79,W+6.5,3,True,True,False,B,-0.85,15.6822,71000
2023-05-25 07:58:15,33,W+R,0,False,False,False,B,-0.85,15.6801,71000
2023-05-25 07:58:26,33,W+R,0,False,False,False,B,-0.85,15.6707,71000
2023-05-25 07:58:37,33,W+R,0,False,False,False,B,-0.85,15.6455,71000
2023-05-25 07:58:48,32,B+R,0,False,False,False,W,-0.85,15.6856,71000
2023-05-25 07:58:59,33,W+R,0,False,False,False,B,-0.85,15.6957,71000
2023-05-25 07:59:15,53,W+R,2,False,False,False,B,-0.85,15.5339,71000
2023-05-25 07:59:26,33,W+R,0,False,False,False,B,-0.85,15.4204,71000
2023-05-25 07:59:36,33,W+R,0,False,False,False,B,-0.85,15.425,71000
2023-05-25 07:59:48,33,W+R,0,False,False,False,B,-0.85,15.4363,71000
2023-05-25 08:00:00,33,W+R,0,False,False,False,B,-0.85,15.3958,71000
2023-05-25 08:00:11,33,W+R,0,False,False,False,B,-0.85,15.3916,71000
2023-05-25 08:00:21,32,B+R,0,False,False,False,W,-0.85,15.3894,71000
2023-05-25 08:00:32,33,W+R,0,False,False,False,B,-0.85,15.2489,71000
2023-05-25 08:01:08,162,W+22.5,43,True,True,False,B,-0.85,15.5126,71000
2023-05-25 08:02:41,43,W+R,0,False,False,False,B,-0.85,15.5236,72000
2023-05-25 08:03:07,79,W+R,4,False,False,False,B,-0.85,15.7089,72000
2023-05-25 08:03:18,33,W+R,0,False,False,False,B,-0.85,15.7147,72000
2023-05-25 08:03:28,35,W+R,0,False,False,False,B,-0.85,15.5612,72000
2023-05-25 08:03:44,50,B+R,0,False,False,False,W,-0.85,15.6245,72000
2023-05-25 08:04:01,53,W+R,0,False,False,False,B,-0.85,15.6455,72000
2023-05-25 08:04:16,48,B+R,0,False,False,False,W,-0.85,15.6968,72000
2023-05-25 08:04:32,55,W+R,2,False,False,False,B,-0.85,15.6612,72000
2023-05-25 08:04:42,32,B+R,0,False,False,False,W,-0.85,15.6567,72000
2023-05-25 08:04:53,45,W+R,0,False,False,False,B,-0.85,15.6971,72000
2023-05-25 08:05:07,46,B+R,0,False,False,False,W,-0.85,15.7489,72000
2023-05-25 08:05:36,93,W+R,10,False,False,False,B,-0.85,15.7052,72000
2023-05-25 08:05:50,45,W+R,0,False,False,False,B,-0.85,15.7508,72000
2023-05-25 08:06:08,54,B+R,0,False,False,False,W,-0.85,15.7801,72000
2023-05-25 08:06:23,53,W+R,0,False,False,False,B,-0.85,15.6741,72000
2023-05-25 08:06:36,51,W+R,0,False,False,False,B,-0.85,15.7215,72000
2023-05-25 08:07:02,79,W+R,1,False,False,False,B,-0.85,15.8701,72000
2023-05-25 08:07:31,85,W+R,2,False,False,False,B,-0.85,16.0166,72000
2023-05-25 08:07:41,33,W+R,0,False,False,False,B,-0.85,15.9995,72000
2023-05-25 08:07:54,34,B+R,0,False,False,False,W,-0.85,15.9623,72000
2023-05-25 08:08:03,32,B+R,0,False,False,False,W,-0.85,15.9536,72000
2023-05-25 08:08:17,52,B+R,0,False,False,False,W,-0.85,15.9341,72000
2023-05-25 08:08:32,50,B+R,0,False,False,False,W,-0.85,15.9514,72000
2023-05-25 08:08:56,74,B+R,0,False,False,False,W,-0.85,16.0178,72000
2023-05-25 08:09:06,33,W+R,0,False,False,False,B,-0.85,16.0199,72000
2023-05-25 08:09:23,62,B+R,3,False,False,False,W,-0.85,16.0091,72000
2023-05-25 08:09:33,33,W+R,0,False,False,False,B,-0.85,16.0138,72000
2023-05-25 08:09:43,33,W+R,0,False,False,False,B,-0.85,16.0273,72000
2023-05-25 08:09:54,33,W+R,0,False,False,False,B,-0.85,15.9686,72000
2023-05-25 08:10:13,63,W+R,0,False,False,False,B,-0.85,16.072,72000
2023-05-25 08:10:24,33,W+R,0,False,False,False,B,-0.85,15.8936,72000
2023-05-25 08:10:35,39,W+R,0,False,False,False,B,-0.85,15.9113,72000
2023-05-25 08:10:52,57,W+R,0,False,False,False,B,-0.85,15.9702,72000
2023-05-25 08:11:05,39,W+R,0,False,False,False,B,-0.85,15.9742,72000
2023-05-25 08:11:21,54,B+R,0,False,False,False,W,-0.85,16.0436,72000
2023-05-25 08:11:31,32,B+R,0,False,False,False,W,-0.85,16.001,72000
2023-05-25 08:11:42,32,B+R,0,False,False,False,W,-0.85,15.9471,72000
2023-05-25 08:11:53,33,W+R,0,False,False,False,B,-0.85,15.9384,72000
2023-05-25 08:12:07,49,W+R,0,False,False,False,B,-0.85,15.8002,72000
2023-05-25 08:12:26,60,B+R,3,False,False,False,W,-0.85,15.851,72000
2023-05-25 08:12:37,32,B+R,0,False,False,False,W,-0.85,15.8587,72000
2023-05-25 08:13:03,70,B+R,0,False,False,False,W,-0.85,16.0102,72000
2023-05-25 08:13:19,50,B+R,0,False,False,False,W,-0.85,16.057,72000
2023-05-25 08:13:40,71,W+R,2,False,False,False,B,-0.85,16.0563,72000
2023-05-25 08:13:56,50,B+R,0,False,False,False,W,-0.85,15.8705,72000
2023-05-25 08:14:06,33,W+R,0,False,False,False,B,-0.85,15.5043,72000
2023-05-25 08:15:54,65,W+R,0,False,False,False,B,-0.85,15.6924,73000
2023-05-25 08:16:07,39,W+R,0,False,False,False,B,-0.85,15.7237,73000
2023-05-25 08:16:44,119,W+4.5,20,True,True,False,B,-0.85,15.995,73000
2023-05-25 08:16:55,32,B+R,0,False,False,False,W,-0.85,15.9913,73000
2023-05-25 08:17:06,34,B+R,0,False,False,False,W,-0.85,15.9918,73000
2023-05-25 08:17:37,87,W+R,2,False,False,False,B,-0.85,16.1873,73000
2023-05-25 08:17:56,58,B+R,0,False,False,False,W,-0.85,16.1974,73000
2023-05-25 08:18:06,33,W+R,0,False,False,False,B,-0.85,15.9226,73000
2023-05-25 08:18:17,33,W+R,1,False,False,False,B,-0.85,15.6462,73000
2023-05-25 08:18:25,34,B+R,0,False,False,False,W,-0.85,15.6305,73000
2023-05-25 08:18:36,33,W+R,0,False,False,False,B,-0.85,15.6387,73000
2023-05-25 08:19:01,77,W+R,6,False,False,False,B,-0.85,15.7886,73000
2023-05-25 08:19:11,33,W+R,0,False,False,False,B,-0.85,15.5199,73000
2023-05-25 08:19:22,33,W+R,0,False,False,False,B,-0.85,15.5276,73000
2023-05-25 08:19:45,64,B+R,0,False,False,False,W,-0.85,15.6041,73000
2023-05-25 08:19:54,35,W+R,0,False,False,False,B,-0.85,15.5938,73000
2023-05-25 08:20:21,81,W+R,5,False,False,False,B,-0.85,15.5664,73000
2023-05-25 08:20:31,33,W+R,0,False,False,False,B,-0.85,15.549,73000
2023-05-25 08:20:42,33,W+R,0,False,False,False,B,-0.85,15.5361,73000
2023-05-25 08:20:53,39,W+R,0,False,False,False,B,-0.85,15.3865,73000
2023-05-25 08:21:17,74,B+R,2,False,False,False,W,-0.85,15.5162,73000
2023-05-25 08:21:27,32,B+R,0,False,False,False,W,-0.85,15.5249,73000
2023-05-25 08:21:56,89,B+4.5,7,True,True,False,W,-0.85,15.706,73000
2023-05-25 08:22:06,50,B+R,0,False,False,False,W,-0.85,15.6295,73000
2023-05-25 08:22:38,143,W+3.5,27,True,True,False,B,-0.85,15.861,73000
2023-05-25 08:22:49,33,W+R,0,False,False,False,B,-0.85,15.8646,73000
2023-05-25 08:23:13,82,B+R,8,False,False,False,W,-0.85,16.0111,73000
2023-05-25 08:23:24,35,W+R,0,False,False,False,B,-0.85,15.8148,73000
2023-05-25 08:23:34,33,W+R,0,False,False,False,B,-0.85,15.5508,73000
2023-05-25 08:23:45,32,B+R,0,False,False,False,W,-0.85,15.5545,73000
2023-05-25 08:23:57,33,W+R,0,False,False,False,B,-0.85,15.5021,73000
2023-05-25 08:24:08,33,W+R,0,False,False,False,B,-0.85,15.4593,73000
2023-05-25 08:24:38,92,W+2.5,9,True,True,False,B,-0.85,15.6714,73000
2023-05-25 08:24:49,32,B+R,0,False,False,False,W,-0.85,15.555,73000
2023-05-25 08:24:59,33,W+R,0,False,False,False,B,-0.85,15.3615,73000
2023-05-25 08:25:14,47,W+R,0,False,False,False,B,-0.85,15.4054,73000
2023-05-25 08:25:28,46,B+R,0,False,False,False,W,-0.85,15.4049,73000
2023-05-25 08:25:37,35,W+R,0,False,False,False,B,-0.85,15.2598,73000
2023-05-25 08:26:04,75,B+5.5,3,True,True,False,W,-0.85,15.4266,73000
2023-05-25 08:26:13,33,W+R,0,False,False,False,B,-0.85,15.4047,73000
2023-05-25 08:27:58,88,W+2.5,10,True,True,False,B,-0.85,15.5106,74000
2023-05-25 08:28:23,89,W+0.5,9,True,True,False,B,-0.85,15.6527,74000
2023-05-25 08:28:47,84,B+3.5,6,True,True,False,W,-0.85,15.7327,74000
2023-05-25 08:29:03,51,W+R,0,False,False,False,B,-0.85,15.7847,74000
2023-05-25 08:29:14,33,W+R,0,False,False,False,B,-0.85,15.7968,74000
2023-05-25 08:29:26,33,W+R,0,False,False,False,B,-0.85,15.7891,74000
2023-05-25 08:29:56,162,W+10.5,36,True,True,False,B,-0.85,15.9774,74000
2023-05-25 08:30:05,33,W+R,0,False,False,False,B,-0.85,15.9622,74000
2023-05-25 08:30:25,58,B+R,0,False,False,False,W,-0.85,16.0507,74000
2023-05-25 08:30:35,37,W+R,0,False,False,False,B,-0.85,16.0474,74000
2023-05-25 08:30:45,33,W+R,0,False,False,False,B,-0.85,15.7854,74000
2023-05-25 08:30:57,39,W+R,0,False,False,False,B,-0.85,15.6855,74000
2023-05-25 08:31:07,33,W+R,0,False,False,False,B,-0.85,15.6508,74000
2023-05-25 08:31:15,33,W+R,0,False,False,False,B,-0.85,15.464,74000
2023-05-25 08:31:30,63,W+R,0,False,False,False,B,-0.85,15.5119,74000
2023-05-25 08:31:39,33,W+R,0,False,False,False,B,-0.85,15.5011,74000
2023-05-25 08:31:56,52,B+R,0,False,False,False,W,-0.85,15.5057,74000
2023-05-25 08:32:06,33,W+R,0,False,False,False,B,-0.85,15.4414,74000
2023-05-25 08:32:21,51,W+R,0,False,False,False,B,-0.85,15.4369,74000
2023-05-25 08:32:31,33,W+R,0,False,False,False,B,-0.85,15.3739,74000
2023-05-25 08:32:44,40,B+R,0,False,False,False,W,-0.85,15.4097,74000
2023-05-25 08:32:58,47,W+R,0,False,False,False,B,-0.85,15.435,74000
2023-05-25 08:33:08,33,W+R,0,False,False,False,B,-0.85,15.3989,74000
2023-05-25 08:33:19,33,W+R,0,False,False,False,B,-0.85,15.2264,74000
2023-05-25 08:33:29,45,W+R,0,False,False,False,B,-0.85,15.183,74000
2023-05-25 08:33:46,53,W+R,0,False,False,False,B,-0.85,15.1776,74000
2023-05-25 08:33:56,32,B+R,0,False,False,False,W,-0.85,15.125,74000
2023-05-25 08:34:07,33,W+R,0,False,False,False,B,-0.85,15.1027,74000
2023-05-25 08:34:16,33,W+R,0,False,False,False,B,-0.85,14.9287,74000
2023-05-25 08:34:28,33,W+R,0,False,False,False,B,-0.85,14.7565,74000
2023-05-25 08:34:39,35,W+R,0,False,False,False,B,-0.85,14.7609,74000
2023-05-25 08:34:50,33,W+R,0,False,False,False,B,-0.85,14.7463,74000
2023-05-25 08:35:12,73,W+R,0,False,False,False,B,-0.85,14.8877,74000
2023-05-25 08:35:24,33,W+R,0,False,False,False,B,-0.85,14.8596,74000
2023-05-25 08:35:39,47,W+R,0,False,False,False,B,-0.85,14.859,74000
2023-05-25 08:35:49,32,B+R,0,False,False,False,W,-0.85,14.7198,74000
2023-05-25 08:36:09,58,B+R,0,False,False,False,W,-0.85,14.8179,74000
2023-05-25 08:36:20,33,W+R,0,False,False,False,B,-0.85,14.7535,74000
2023-05-25 08:36:51,98,W+5.5,13,True,True,False,B,-0.85,14.9662,74000
2023-05-25 08:37:11,68,B+R,2,False,False,False,W,-0.85,15.0624,74000
2023-05-25 08:37:20,41,W+R,0,False,False,False,B,-0.85,15.0488,74000
2023-05-25 08:37:26,33,W+R,0,False,False,False,B,-0.85,14.9243,74000
2023-05-25 08:37:33,33,W+R,0,False,False,False,B,-0.85,14.8825,74000
2023-05-25 08:37:41,37,W+R,0,False,False,False,B,-0.85,14.8445,74000
2023-05-25 08:39:11,33,W+R,0,False,False,False,B,-0.85,14.7335,75000
2023-05-25 08:39:45,123,W+1.5,26,True,True,False,B,-0.85,14.9108,75000
2023-05-25 08:40:04,83,W+8.5,6,True,True,False,B,-0.85,15.0023,75000
2023-05-25 08:40:12,33,W+R,0,False,False,False,B,-0.85,14.973,75000
2023-05-25 08:40:22,33,W+R,0,False,False,False,B,-0.85,14.9611,75000
2023-05-25 08:40:32,33,W+R,0,False,False,False,B,-0.85,14.9244,75000
2023-05-25 08:40:41,33,W+R,0,False,False,False,B,-0.85,14.8177,75000
2023-05-25 08:40:51,33,W+R,0,False,False,False,B,-0.85,14.8101,75000
2023-05-25 08:41:01,33,W+R,0,False,False,False,B,-0.85,14.6532,75000
2023-05-25 08:41:12,35,W+R,0,False,False,False,B,-0.85,14.596,75000
2023-05-25 08:41:38,74,B+R,1,False,False,False,W,-0.85,14.6534,75000
2023-05-25 08:42:04,82,B+R,3,False,False,False,W,-0.85,14.7439,75000
2023-05-25 08:42:23,56,B+R,0,False,False,False,W,-0.85,14.8302,75000
2023-05-25 08:42:33,33,W+R,0,False,False,False,B,-0.85,14.7514,75000
2023-05-25 08:42:44,32,B+R,0,False,False,False,W,-0.85,14.6629,75000
2023-05-25 08:43:17,162,W+14.5,39,True,True,False,B,-0.85,14.8664,75000
2023-05-25 08:43:27,33,W+R,0,False,False,False,B,-0.85,14.5838,75000
2023-05-25 08:44:03,112,W+2.5,22,True,True,False,B,-0.85,14.8361,75000
2023-05-25 08:44:33,103,W+13.5,11,True,True,False,B,-0.85,15.0291,75000
2023-05-25 08:44:42,33,W+R,0,False,False,False,B,-0.85,14.8111,75000
2023-05-25 08:44:54,40,B+R,0,False,False,False,W,-0.85,14.7404,75000
2023-05-25 08:45:11,44,B+R,0,False,False,False,W,-0.85,14.8091,75000
2023-05-25 08:45:22,33,W+R,0,False,False,False,B,-0.85,14.8098,75000
2023-05-25 08:45:33,33,W+R,0,False,False,False,B,-0.85,14.8337,75000
2023-05-25 08:45:43,33,W+R,0,False,False,False,B,-0.85,14.8272,75000
2023-05-25 08:45:53,33,W+R,0,False,False,False,B,-0.85,14.6725,75000
2023-05-25 08:46:04,41,W+R,0,False,False,False,B,-0.85,14.6896,75000
2023-05-25 08:46:19,45,W+R,0,False,False,False,B,-0.85,14.7318,75000
2023-05-25 08:46:35,54,B+R,0,False,False,False,W,-0.85,14.6636,75000
2023-05-25 08:46:48,43,W+R,0,False,False,False,B,-0.85,14.6951,75000
2023-05-25 08:46:59,33,W+R,0,False,False,False,B,-0.85,14.5302,75000
2023-05-25 08:47:24,70,B+R,2,False,False,False,W,-0.85,14.6886,75000
2023-05-25 08:47:35,33,W+R,0,False,False,False,B,-0.85,14.6864,75000
2023-05-25 08:47:47,41,W+R,0,False,False,False,B,-0.85,14.6957,75000
2023-05-25 08:48:14,99,W+2.5,18,True,True,False,B,-0.85,14.7275,75000
2023-05-25 08:48:24,33,W+R,0,False,False,False,B,-0.85,14.728,75000
2023-05-25 08:48:33,33,W+R,0,False,False,False,B,-0.85,14.5344,75000
2023-05-25 08:48:44,33,W+R,0,False,False,False,B,-0.85,14.5374,75000
2023-05-25 08:48:54,33,W+R,0,False,False,False,B,-0.85,14.3159,75000
2023-05-25 08:49:04,35,W+R,0,False,False,False,B,-0.85,14.3077,75000
2023-05-25 08:49:14,33,W+R,0,False,False,False,B,-0.85,14.1716,75000
2023-05-25 08:49:26,35,W+R,0,False,False,False,B,-0.85,14.1849,75000
2023-05-25 08:50:53,35,W+R,0,False,False,False,B,-0.85,14.197,76000
2023-05-25 08:51:04,39,W+R,0,False,False,False,B,-0.85,14.1892,76000
2023-05-25 08:51:12,33,W+R,0,False,False,False,B,-0.85,14.1609,76000
2023-05-25 08:51:22,33,W+R,0,False,False,False,B,-0.85,13.9581,76000
2023-05-25 08:51:32,33,W+R,0,False,False,False,B,-0.85,13.9481,76000
2023-05-25 08:51:48,50,B+R,0,False,False,False,W,-0.85,14.0041,76000
2023-05-25 08:52:09,69,W+R,1,False,False,False,B,-0.85,14.0672,76000
2023-05-25 08:52:22,45,W+R,0,False,False,False,B,-0.85,14.0647,76000
2023-05-25 08:52:34,33,W+R,0,False,False,False,B,-0.85,14.0835,76000
2023-05-25 08:52:55,61,W+R,0,False,False,False,B,-0.85,14.0326,76000
2023-05-25 08:53:05,33,W+R,0,False,False,False,B,-0.85,14.0406,76000
2023-05-25 08:53:16,33,W+R,2,False,False,False,B,-0.85,14.0654,76000
2023-05-25 08:53:42,81,W+R,4,False,False,False,B,-0.85,14.0828,76000
2023-05-25 08:54:01,61,W+R,0,False,False,False,B,-0.85,14.0277,76000
2023-05-25 08:54:21,59,W+R,0,False,False,False,B,-0.85,13.9865,76000
2023-05-25 08:54:35,52,B+R,0,False,False,False,W,-0.85,13.9603,76000
2023-05-25 08:54:47,37,W+R,0,False,False,False,B,-0.85,13.9697,76000
2023-05-25 08:54:57,33,W+R,0,False,False,False,B,-0.85,13.9522,76000
2023-05-25 08:55:19,76,W+2.5,5,True,True,False,B,-0.85,13.8701,76000
2023-05-25 08:55:29,33,W+R,0,False,False,False,B,-0.85,13.8826,76000
2023-05-25 08:55:49,69,W+R,0,False,False,False,B,-0.85,13.888,76000
2023-05-25 08:56:04,50,B+R,0,False,False,False,W,-0.85,13.9253,76000
2023-05-25 08:56:30,94,W+2.5,8,True,True,False,B,-0.85,14.0842,76000
2023-05-25 08:57:07,123,W+1.5,18,True,True,False,B,-0.85,14.3428,76000
2023-05-25 08:57:21,50,B+R,0,False,False,False,W,-0.85,14.381,76000
2023-05-25 08:57:29,33,W+R,0,False,False,False,B,-0.85,14.3847,76000
2023-05-25 08:57:51,67,W+R,1,False,False,False,B,-0.85,14.4556,76000
2023-05-25 08:58:02,33,W+R,0,False,False,False,B,-0.85,14.4636,76000
2023-05-25 08:58:11,33,W+R,0,False,False,False,B,-0.85,14.3964,76000
2023-05-25 08:58:21,33,W+R,0,False,False,False,B,-0.85,14.3931,76000
2023-05-25 08:58:30,35,W+R,0,False,False,False,B,-0.85,14.3332,76000
2023-05-25 08:59:12,136,B+1.5,23,True,True,False,W,-0.85,14.6537,76000
2023-05-25 08:59:23,33,W+R,0,False,False,False,B,-0.85,14.6334,76000
2023-05-25 08:59:40,50,B+R,0,False,False,False,W,-0.85,14.6616,76000
2023-05-25 08:59:51,37,W+R,0,False,False,False,B,-0.85,14.6673,76000
2023-05-25 09:00:02,33,W+R,0,False,False,False,B,-0.85,14.6671,76000
2023-05-25 09:00:12,33,W+R,0,False,False,False,B,-0.85,14.6656,76000
2023-05-25 09:00:22,33,W+R,0,False,False,False,B,-0.85,14.5925,76000
2023-05-25 09:00:32,33,W+R,0,False,False,False,B,-0.85,14.5971,76000
2023-05-25 09:00:43,34,B+R,0,False,False,False,W,-0.85,14.6042,76000
2023-05-25 09:02:21,33,W+R,0,False,False,False,B,-0.85,14.6886,77000
2023-05-25 09:02:32,32,B+R,0,False,False,False,W,-0.85,14.6822,77000
2023-05-25 09:02:43,33,W+R,0,False,False,False,B,-0.85,14.6855,77000
2023-05-25 09:02:53,33,W+R,0,False,False,False,B,-0.85,14.5588,77000
2023-05-25 09:03:30,125,W+4.5,20,True,True,False,B,-0.85,14.813,77000
2023-05-25 09:04:08,126,B+6.5,18,True,True,False,W,-0.85,15.0453,77000
2023-05-25 09:04:20,33,W+R,0,False,False,False,B,-0.85,15.0654,77000
2023-05-25 09:04:31,33,W+R,0,False,False,False,B,-0.85,14.978,77000
2023-05-25 09:04:58,92,W+8.5,12,True,True,False,B,-0.85,15.1338,77000
2023-05-25 09:05:08,33,W+R,0,False,False,False,B,-0.85,14.9253,77000
2023-05-25 09:05:35,78,B+R,1,False,False,False,W,-0.85,14.9987,77000
2023-05-25 09:05:47,33,W+R,0,False,False,False,B,-0.85,15.0257,77000
2023-05-25 09:05:59,33,W+R,0,False,False,False,B,-0.85,15.0798,77000
2023-05-25 09:06:10,33,W+R,0,False,False,False,B,-0.85,15.1244,77000
2023-05-25 09:06:23,45,W+R,0,False,False,False,B,-0.85,15.1764,77000
2023-05-25 09:06:34,33,W+R,0,False,False,False,B,-0.85,15.203,77000
2023-05-25 09:06:43,33,W+R,0,False,False,False,B,-0.85,15.188,77000
2023-05-25 09:06:53,33,W+R,0,False,False,False,B,-0.85,14.9516,77000
2023-05-25 09:07:03,33,W+R,0,False,False,False,B,-0.85,14.8645,77000
2023-05-25 09:07:16,44,B+R,0,False,False,False,W,-0.85,14.9097,77000
2023-05-25 09:07:27,33,W+R,0,False,False,False,B,-0.85,14.9199,77000
2023-05-25 09:07:37,33,W+R,0,False,False,False,B,-0.85,14.925,77000
2023-05-25 09:07:49,34,B+R,0,False,False,False,W,-0.85,14.9547,77000
2023-05-25 09:08:00,37,W+R,0,False,False,False,B,-0.85,14.9617,77000
2023-05-25 09:08:10,33,W+R,0,False,False,False,B,-0.85,14.9546,77000
2023-05-25 09:08:21,33,W+R,0,False,False,False,B,-0.85,14.9637,77000
2023-05-25 09:08:36,50,B+R,0,False,False,False,W,-0.85,14.8569,77000
2023-05-25 09:08:47,33,W+R,0,False,False,False,B,-0.85,14.7094,77000
2023-05-25 09:09:21,162,W+21.5,33,True,True,False,B,-0.85,14.86,77000
2023-05-25 09:09:31,33,W+R,0,False,False,False,B,-0.85,14.8563,77000
2023-05-25 09:09:42,33,W+R,0,False,False,False,B,-0.85,14.8461,77000
2023-05-25 09:09:53,37,W+R,0,False,False,False,B,-0.85,14.6277,77000
2023-05-25 09:10:11,53,W+R,0,False,False,False,B,-0.85,14.7174,77000
2023-05-25 09:10:23,37,W+R,0,False,False,False,B,-0.85,14.4696,77000
2023-05-25 09:10:36,45,W+R,0,False,False,False,B,-0.85,14.3065,77000
2023-05-25 09:10:47,33,W+R,0,False,False,False,B,-0.85,14.3186,77000
2023-05-25 09:10:58,33,W+R,0,False,False,False,B,-0.85,14.3119,77000
2023-05-25 09:11:13,49,W+R,0,False,False,False,B,-0.85,14.2925,77000
2023-05-25 09:11:51,162,W+13.5,40,True,True,False,B,-0.85,14.5633,77000
2023-05-25 09:12:13,78,W+8.5,5,True,True,False,B,-0.85,14.6717,77000
2023-05-25 09:12:31,58,B+R,0,False,False,False,W,-0.85,14.7554,77000
2023-05-25 09:13:55,33,W+R,0,False,False,False,B,-0.85,14.7074,78000
2023-05-25 09:14:04,44,B+R,0,False,False,False,W,-0.85,14.6468,78000
2023-05-25 09:14:12,32,B+R,0,False,False,False,W,-0.85,14.5594,78000
2023-05-25 09:14:25,47,W+R,0,False,False,False,B,-0.85,14.5632,78000
2023-05-25 09:14:53,93,W+R,8,False,False,False,B,-0.85,14.7395,78000
2023-05-25 09:15:25,90,B+R,1,False,False,False,W,-0.85,14.8091,78000
2023-05-25 09:15:35,33,W+R,0,False,False,False,B,-0.85,14.8031,78000
2023-05-25 09:15:48,37,W+R,0,False,False,False,B,-0.85,14.8039,78000
2023-05-25 09:16:00,37,W+R,0,False,False,False,B,-0.85,14.6574,78000
2023-05-25 09:16:15,41,W+R,0,False,False,False,B,-0.85,14.7034,78000
2023-05-25 09:16:23,33,W+R,0,False,False,False,B,-0.85,14.6966,78000
2023-05-25 09:16:44,60,W+0.5,3,False,False,False,,-0.85,14.7961,78000
2023-05-25 09:16:54,33,W+R,0,False,False,False,B,-0.85,14.7954,78000
2023-05-25 09:17:03,33,W+R,0,False,False,False,B,-0.85,14.7869,78000
2023-05-25 09:17:14,33,W+R,0,False,False,False,B,-0.85,14.7888,78000
2023-05-25 09:17:24,33,W+R,0,False,False,False,B,-0.85,14.7739,78000
2023-05-25 09:17:34,33,W+R,0,False,False,False,B,-0.85,14.7338,78000
2023-05-25 09:17:51,53,W+R,0,False,False,False,B,-0.85,14.8088,78000
2023-05-25 09:17:58,32,B+R,0,False,False,False,W,-0.85,14.7726,78000
2023-05-25 09:18:30,92,B+R,15,False,False,False,W,-0.85,15.0162,78000
2023-05-25 09:18:43,43,W+R,0,False,False,False,B,-0.85,15.0477,78000
2023-05-25 09:18:53,33,W+R,0,False,False,False,B,-0.85,15.0393,78000
2023-05-25 09:19:16,84,W+7.5,9,True,True,False,B,-0.85,15.1124,78000
2023-05-25 09:19:25,33,W+R,0,False,False,False,B,-0.85,14.9923,78000
2023-05-25 09:19:36,33,W+R,0,False,False,False,B,-0.85,14.9668,78000
2023-05-25 09:19:46,33,W+R,0,False,False,False,B,-0.85,14.9619,78000
2023-05-25 09:19:55,33,W+R,0,False,False,False,B,-0.85,14.8392,78000
2023-05-25 09:20:06,33,W+R,0,False,False,False,B,-0.85,14.8429,78000
2023-05-25 09:20:23,58,B+R,0,False,False,False,W,-0.85,14.9037,78000
2023-05-25 09:20:33,33,W+R,0,False,False,False,B,-0.85,14.7464,78000
2023-05-25 09:20:55,68,B+R,0,False,False,False,W,-0.85,14.7742,78000
2023-05-25 09:21:24,121,W+5.5,25,True,True,False,B,-0.85,14.8569,78000
2023-05-25 09:21:51,98,W+6.5,14,True,True,False,B,-0.85,14.9965,78000
2023-05-25 09:22:07,50,B+R,0,False,False,False,W,-0.85,15.0306,78000
2023-05-25 09:22:27,68,W+3.5,5,True,True,False,B,-0.85,15.1385,78000
2023-05-25 09:22:46,85,W+R,10,False,False,False,B,-0.85,15.1087,78000
2023-05-25 09:22:54,33,W+R,0,False,False,False,B,-0.85,15.0825,78000
2023-05-25 09:23:03,33,W+R,0,False,False,False,B,-0.85,14.9699,78000
2023-05-25 09:23:12,33,W+R,0,False,False,False,B,-0.85,14.9233,78000
2023-05-25 09:23:22,33,W+R,0,False,False,False,B,-0.85,14.7591,78000
2023-05-25 09:23:32,33,W+R,0,False,False,False,B,-0.85,14.489,78000
2023-05-25 09:23:46,45,W+R,0,False,False,False,B,-0.85,14.482,78000
2023-05-25 09:23:57,32,B+R,0,False,False,False,W,-0.85,14.5186,78000
2023-05-25 09:24:06,33,W+R,0,False,False,False,B,-0.85,14.3778,78000
2023-05-25 09:24:21,57,W+R,0,False,False,False,B,-0.85,14.4338,78000
2023-05-25 09:24:36,47,W+R,0,False,False,False,B,-0.85,14.4782,78000
2023-05-25 09:24:47,32,B+R,0,False,False,False,W,-0.85,14.4887,78000
2023-05-25 09:26:25,33,W+R,0,False,False,False,B,-0.85,14.3422,79000
2023-05-25 09:27:06,162,W+28.5,34,True,True,False,B,-0.85,14.6337,79000
2023-05-25 09:27:40,97,W+R,5,False,False,False,B,-0.85,14.8052,79000
2023-05-25 09:27:50,33,W+R,0,False,False,False,B,-0.85,14.7998,79000
2023-05-25 09:28:02,40,B+R,0,False,False,False,W,-0.85,14.8152,79000
2023-05-25 09:28:12,33,W+R,0,False,False,False,B,-0.85,14.8146,79000
2023-05-25 09:28:22,33,W+R,0,False,False,False,B,-0.85,14.81,79000
2023-05-25 09:28:30,33,W+R,0,False,False,False,B,-0.85,14.7853,79000
2023-05-25 09:28:51,72,B+R,0,False,False,False,W,-0.85,14.8867,79000
2023-05-25 09:29:01,33,W+R,0,False,False,False,B,-0.85,14.7868,79000
2023-05-25 09:29:15,45,W+R,0,False,False,False,B,-0.85,14.832,79000
2023-05-25 09:29:25,33,W+R,0,False,False,False,B,-0.85,14.8278,79000
2023-05-25 09:29:41,58,B+R,0,False,False,False,W,-0.85,14.8786,79000
2023-05-25 09:29:51,33,W+R,0,False,False,False,B,-0.85,14.8795,79000
2023-05-25 09:30:02,33,W+R,0,False,False,False,B,-0.85,14.6155,79000
2023-05-25 09:30:14,40,B+R,0,False,False,False,W,-0.85,14.3531,79000
2023-05-25 09:30:24,33,W+R,0,False,False,False,B,-0.85,14.3357,79000
2023-05-25 09:30:45,65,W+R,0,False,False,False,B,-0.85,14.4393,79000
2023-05-25 09:30:57,33,W+R,0,False,False,False,B,-0.85,14.2916,79000
2023-05-25 09:31:07,33,W+R,0,False,False,False,B,-0.85,14.2894,79000
2023-05-25 09:31:22,52,B+R,0,False,False,False,W,-0.85,14.1636,79000
2023-05-25 09:31:32,33,W+R,0,False,False,False,B,-0.85,14.1472,79000
2023-05-25 09:31:46,52,B+R,0,False,False,False,W,-0.85,14.1647,79000
2023-05-25 09:31:54,33,W+R,0,False,False,False,B,-0.85,14.1396,79000
2023-05-25 09:32:20,77,W+R,0,False,False,False,B,-0.85,14.2651,79000
2023-05-25 09:32:27,33,W+R,0,False,False,False,B,-0.85,14.2321,79000
2023-05-25 09:32:36,33,W+R,0,False,False,False,B,-0.85,14.2336,79000
2023-05-25 09:32:48,33,W+R,0,False,False,False,B,-0.85,14.2497,79000
2023-05-25 09:32:58,33,W+R,0,False,False,False,B,-0.85,14.251,79000
2023-05-25 09:33:08,33,W+R,0,False,False,False,B,-0.85,14.2205,79000
2023-05-25 09:33:18,33,W+R,0,False,False,False,B,-0.85,14.2063,79000
2023-05-25 09:33:57,162,W+18.5,43,True,True,False,B,-0.85,14.4931,79000
2023-05-25 09:34:06,33,W+R,0,False,False,False,B,-0.85,14.466,79000
2023-05-25 09:34:19,39,W+R,0,False,False,False,B,-0.85,14.4894,79000
2023-05-25 09:34:28,33,W+R,0,False,False,False,B,-0.85,14.4875,79000
2023-05-25 09:34:39,33,W+R,0,False,False,False,B,-0.85,14.4799,79000
2023-05-25 09:34:49,33,W+R,0,False,False,False,B,-0.85,14.4246,79000
2023-05-25 09:35:00,33,W+R,0,False,False,False,B,-0.85,14.4216,79000
2023-05-25 09:35:11,33,W+R,0,False,False,False,B,-0.85,14.192,79000
2023-05-25 09:35:21,33,W+R,1,False,False,False,B,-0.85,14.1988,79000
2023-05-25 09:35:47,78,B+R,4,False,False,False,W,-0.85,14.3506,79000
2023-05-25 09:35:56,33,W+R,0,False,False,False,B,-0.85,14.33,79000
2023-05-25 09:36:06,33,W+R,0,False,False,False,B,-0.85,14.2467,79000
2023-05-25 09:36:16,32,B+R,0,False,False,False,W,-0.85,14.2351,79000
2023-05-25 09:36:26,33,W+R,1,False,False,False,B,-0.85,14.1966,79000
2023-05-25 09:38:06,33,W+R,0,False,False,False,B,-0.85,14.2118,80000
2023-05-25 09:38:19,49,W+R,0,False,False,False,B,-0.85,14.1928,80000
2023-05-25 09:38:29,33,W+R,0,False,False,False,B,-0.85,13.9094,80000
2023-05-25 09:38:38,33,W+R,0,False,False,False,B,-0.85,13.7861,80000
2023-05-25 09:39:09,95,W+0.5,14,True,True,False,B,-0.85,13.9078,80000
2023-05-25 09:39:18,33,W+R,0,False,False,False,B,-0.85,13.9153,80000
2023-05-25 09:39:32,39,W+R,0,False,False,False,B,-0.85,13.9761,80000
2023-05-25 09:39:42,33,W+R,0,False,False,False,B,-0.85,13.993,80000
2023-05-25 09:40:07,76,B+R,2,False,False,False,W,-0.85,14.1674,80000
2023-05-25 09:40:17,33,W+R,0,False,False,False,B,-0.85,14.1307,80000
2023-05-25 09:40:33,56,B+R,0,False,False,False,W,-0.85,14.0124,80000
2023-05-25 09:41:04,108,W+1.5,13,True,True,False,B,-0.85,14.001,80000
2023-05-25 09:41:14,35,W+R,0,False,False,False,B,-0.85,14.0023,80000
2023-05-25 09:41:37,76,W+2.5,2,True,True,False,B,-0.85,14.1009,80000
2023-05-25 09:41:52,48,B+R,0,False,False,False,W,-0.85,14.1318,80000
2023-05-25 09:42:02,33,W+R,0,False,False,False,B,-0.85,14.0874,80000
2023-05-25 09:42:15,42,B+R,0,False,False,False,W,-0.85,14.1225,80000
2023-05-25 09:42:40,84,W+5.5,10,True,True,False,B,-0.85,14.1774,80000
2023-05-25 09:42:54,45,W+R,0,False,False,False,B,-0.85,14.212,80000
2023-05-25 09:43:13,106,W+5.5,16,True,True,False,B,-0.85,14.318,80000
2023-05-25 09:43:20,33,W+R,0,False,False,False,B,-0.85,14.278,80000
2023-05-25 09:43:41,78,B+R,2,False,False,False,W,-0.85,14.3818,80000
2023-05-25 09:44:03,66,B+R,0,False,False,False,W,-0.85,14.501,80000
2023-05-25 09:44:13,41,W+R,0,False,False,False,B,-0.85,14.4362,80000
2023-05-25 09:44:25,55,W+R,0,False,False,False,B,-0.85,14.4788,80000
2023-05-25 09:44:31,33,W+R,0,False,False,False,B,-0.85,14.2224,80000
2023-05-25 09:44:41,35,W+R,0,False,False,False,B,-0.85,14.1835,80000
2023-05-25 09:44:51,33,W+R,0,False,False,False,B,-0.85,14.1927,80000
2023-05-25 09:45:01,33,W+R,0,False,False,False,B,-0.85,14.0624,80000
2023-05-25 09:45:36,121,W+0.5,21,True,True,False,B,-0.85,14.3175,80000
2023-05-25 09:45:45,33,W+R,0,False,False,False,B,-0.85,14.3028,80000
2023-05-25 09:46:04,77,B+0.5,2,False,False,False,,-0.85,14.3877,80000
2023-05-25 09:46:32,80,B+R,0,False,False,False,W,-0.85,14.5781,80000
2023-05-25 09:46:40,33,W+R,0,False,False,False,B,-0.85,14.5498,80000
2023-05-25 09:46:56,69,W+R,0,False,False,False,B,-0.85,14.5444,80000
2023-05-25 09:47:04,37,W+R,0,False,False,False,B,-0.85,14.5248,80000
2023-05-25 09:47:11,33,W+R,0,False,False,False,B,-0.85,14.3702,80000
2023-05-25 09:47:18,33,W+R,0,False,False,False,B,-0.85,14.1507,80000
2023-05-25 09:47:26,33,W+R,0,False,False,False,B,-0.85,13.9564,80000
2023-05-25 09:47:54,86,W+0.5,11,True,True,False,B,-0.85,14.086,80000
2023-05-25 09:48:05,33,W+R,0,False,False,False,B,-0.85,13.9923,80000
2023-05-25 09:49:41,33,W+R,0,False,False,False,B,-0.85,13.9836,81000
2023-05-25 09:49:49,33,W+R,0,False,False,False,B,-0.85,13.976,81000
2023-05-25 09:49:57,33,W+R,0,False,False,False,B,-0.85,13.9643,81000
2023-05-25 09:50:13,52,W+14.5,3,True,True,False,B,-0.85,14.0272,81000
2023-05-25 09:50:22,33,W+R,0,False,False,False,B,-0.85,14.0169,81000
2023-05-25 09:50:32,33,W+R,0,False,False,False,B,-0.85,13.9847,81000
2023-05-25 09:50:42,33,W+R,0,False,False,False,B,-0.85,13.9596,81000
2023-05-25 09:50:53,39,W+R,2,False,False,False,B,-0.85,13.9924,81000
2023-05-25 09:51:04,33,W+R,0,False,False,False,B,-0.85,13.9445,81000
2023-05-25 09:51:14,33,W+R,0,False,False,False,B,-0.85,13.9022,81000
2023-05-25 09:51:25,33,W+R,0,False,False,False,B,-0.85,13.8962,81000
2023-05-25 09:51:36,33,W+R,0,False,False,False,B,-0.85,13.7538,81000
2023-05-25 09:51:46,32,B+R,0,False,False,False,W,-0.85,13.7505,81000
2023-05-25 09:51:57,33,W+R,0,False,False,False,B,-0.85,13.4508,81000
2023-05-25 09:52:07,33,W+R,0,False,False,False,B,-0.85,13.2182,81000
2023-05-25 09:52:23,57,W+R,0,False,False,False,B,-0.85,13.2677,81000
2023-05-25 09:52:37,66,B+1.5,3,True,True,False,W,-0.85,13.2867,81000
2023-05-25 09:52:43,33,W+R,0,False,False,False,B,-0.85,13.2468,81000
2023-05-25 09:52:50,33,W+R,0,False,False,False,B,-0.85,13.2296,81000
2023-05-25 09:52:58,32,B+R,0,False,False,False,W,-0.85,13.2297,81000
2023-05-25 09:53:17,58,B+R,1,False,False,False,W,-0.85,13.1984,81000
2023-05-25 09:53:30,40,B+R,0,False,False,False,W,-0.85,13.2358,81000
2023-05-25 09:53:52,69,W+R,2,False,False,False,B,-0.85,13.3176,81000
2023-05-25 09:54:02,33,W+R,0,False,False,False,B,-0.85,13.3131,81000
2023-05-25 09:54:12,33,W+R,0,False,False,False,B,-0.85,13.2472,81000
2023-05-25 09:54:24,38,B+R,0,False,False,False,W,-0.85,13.2685,81000
2023-05-25 09:54:34,33,W+R,0,False,False,False,B,-0.85,13.2633,81000
2023-05-25 09:54:57,85,B+8.5,9,True,True,False,W,-0.85,13.3707,81000
2023-05-25 09:55:13,58,B+R,0,False,False,False,W,-0.85,13.4341,81000
2023-05-25 09:55:40,101,W+3.5,14,True,True,False,B,-0.85,13.4925,81000
2023-05-25 09:55:49,33,W+R,0,False,False,False,B,-0.85,13.4618,81000
2023-05-25 09:55:58,33,W+R,0,False,False,False,B,-0.85,13.4504,81000
2023-05-25 09:56:09,32,B+R,0,False,False,False,W,-0.85,13.4091,81000
2023-05-25 09:56:18,33,W+R,0,False,False,False,B,-0.85,13.4065,81000
2023-05-25 09:56:34,48,B+R,0,False,False,False,W,-0.85,13.4193,81000
2023-05-25 09:57:23,162,W+37.5,34,True,True,False,B,-0.85,13.8297,81000
2023-05-25 09:57:33,33,W+R,0,False,False,False,B,-0.85,13.677,81000
2023-05-25 09:57:49,49,W+R,0,False,False,False,B,-0.85,13.7613,81000
2023-05-25 09:58:17,95,W+R,11,False,False,False,B,-0.85,13.9461,81000
2023-05-25 09:58:47,114,B+3.5,20,True,True,False,W,-0.85,14.1292,81000
2023-05-25 09:59:08,67,W+R,0,False,False,False,B,-0.85,14.2402,81000
2023-05-25 10:01:13,69,W+R,3,False,False,False,B,-0.85,14.5716,82000
2023-05-25 10:01:28,58,B+R,0,False,False,False,W,-0.85,14.3302,82000
2023-05-25 10:01:39,33,W+R,0,False,False,False,B,-0.85,14.3461,82000
2023-05-25 10:01:48,33,W+R,0,False,False,False,B,-0.85,14.31,82000
2023-05-25 10:02:03,50,B+R,0,False,False,False,W,-0.85,14.3661,82000
2023-05-25 10:02:12,33,W+R,0,False,False,False,B,-0.85,14.3529,82000
2023-05-25 10:02:26,43,W+R,0,False,False,False,B,-0.85,14.3884,82000
2023-05-25 10:02:37,39,W+R,0,False,False,False,B,-0.85,14.3953,82000
2023-05-25 10:02:46,33,W+R,0,False,False,False,B,-0.85,14.3739,82000
2023-05-25 10:02:59,39,W+R,0,False,False,False,B,-0.85,14.3975,82000
2023-05-25 10:03:10,33,W+R,0,False,False,False,B,-0.85,14.251,82000
2023-05-25 10:03:28,67,W+R,2,False,False,False,B,-0.85,14.3395,82000
2023-05-25 10:03:39,33,W+R,0,False,False,False,B,-0.85,14.348,82000
2023-05-25 10:03:46,33,W+R,0,False,False,False,B,-0.85,14.3216,82000
2023-05-25 10:03:55,33,W+R,0,False,False,False,B,-0.85,14.3093,82000
2023-05-25 10:04:04,33,W+R,0,False,False,False,B,-0.85,14.2705,82000
2023-05-25 10:04:14,37,W+R,0,False,False,False,B,-0.85,14.2606,82000
2023-05-25 10:04:23,33,W+R,0,False,False,False,B,-0.85,14.226,82000
2023-05-25 10:04:33,33,W+R,0,False,False,False,B,-0.85,14.2257,82000
2023-05-25 10:04:43,33,W+R,0,False,False,False,B,-0.85,14.2385,82000
2023-05-25 10:04:53,33,W+R,0,False,False,False,B,-0.85,14.0277,82000
2023-05-25 10:05:01,33,W+R,0,False,False,False,B,-0.85,14.0144,82000
2023-05-25 10:05:20,64,B+R,2,False,False,False,W,-0.85,14.0631,82000
2023-05-25 10:05:39,60,B+R,0,False,False,False,W,-0.85,14.1433,82000
2023-05-25 10:05:49,33,W+R,0,False,False,False,B,-0.85,13.9951,82000
2023-05-25 10:05:58,33,W+R,0,False,False,False,B,-0.85,13.9948,82000
2023-05-25 10:06:08,32,B+R,0,False,False,False,W,-0.85,13.9353,82000
2023-05-25 10:06:20,35,W+R,0,False,False,False,B,-0.85,13.7365,82000
2023-05-25 10:06:29,33,W+R,0,False,False,False,B,-0.85,13.7255,82000
2023-05-25 10:06:39,35,W+R,0,False,False,False,B,-0.85,13.6073,82000
2023-05-25 10:06:54,49,W+R,0,False,False,False,B,-0.85,13.5974,82000
2023-05-25 10:07:02,33,W+R,0,False,False,False,B,-0.85,13.5802,82000
2023-05-25 10:07:14,46,W+0.5,3,True,True,False,B,-0.85,13.5751,82000
2023-05-25 10:07:23,33,W+R,0,False,False,False,B,-0.85,13.4108,82000
2023-05-25 10:07:46,87,W+R,9,False,False,False,B,-0.85,13.5073,82000
2023-05-25 10:08:14,110,W+10.5,24,True,True,False,B,-0.85,13.585,82000
2023-05-25 10:08:23,33,W+R,0,False,False,False,B,-0.85,13.6099,82000
2023-05-25 10:08:33,39,W+R,0,False,False,False,B,-0.85,13.5038,82000
2023-05-25 10:08:48,47,W+R,0,False,False,False,B,-0.85,13.439,82000
2023-05-25 10:09:14,75,W+R,1,False,False,False,B,-0.85,13.593,82000
2023-05-25 10:09:41,99,W+1.5,13,True,True,False,B,-0.85,13.7426,82000
2023-05-25 10:09:50,33,W+R,0,False,False,False,B,-0.85,13.7736,82000
2023-05-25 10:10:03,42,B+R,0,False,False,False,W,-0.85,13.8019,82000
2023-05-25 10:10:10,33,W+R,0,False,False,False,B,-0.85,13.7705,82000
2023-05-25 10:10:34,85,W+R,13,False,False,False,B,-0.85,13.9134,82000
2023-05-25 10:12:07,44,B+R,0,False,False,False,W,-0.85,13.7184,83000
2023-05-25 10:12:15,33,W+R,0,False,False,False,B,-0.85,13.6135,83000
2023-05-25 10:12:26,33,W+R,0,False,False,False,B,-0.85,13.4369,83000
2023-05-25 10:12:34,33,W+R,0,False,False,False,B,-0.85,13.4375,83000
2023-05-25 10:12:43,33,W+R,0,False,False,False,B,-0.85,13.3711,83000
2023-05-25 10:12:51,33,W+R,0,False,False,False,B,-0.85,13.3723,83000
2023-05-25 10:13:11,68,W+0.5,7,True,True,False,B,-0.85,13.5045,83000
2023-05-25 10:13:19,33,W+R,0,False,False,False,B,-0.85,13.5164,83000
2023-05-25 10:13:33,65,W+R,0,False,False,False,B,-0.85,13.576,83000
2023-05-25 10:13:43,32,B+R,0,False,False,False,W,-0.85,13.3873,83000
2023-05-25 10:13:53,33,W+R,0,False,False,False,B,-0.85,13.3791,83000
2023-05-25 10:14:03,33,W+R,0,False,False,False,B,-0.85,13.3123,83000
2023-05-25 10:14:13,33,W+R,0,False,False,False,B,-0.85,13.3198,83000
2023-05-25 10:14:38,74,B+R,0,False,False,False,W,-0.85,13.4895,83000
2023-05-25 10:14:57,57,W+R,0,False,False,False,B,-0.85,13.5981,83000
2023-05-25 10:15:07,33,W+R,0,False,False,False,B,-0.85,13.5366,83000
2023-05-25 10:15:24,57,W+R,0,False,False,False,B,-0.85,13.6155,83000
2023-05-25 10:15:49,91,W+10.5,15,True,True,False,B,-0.85,13.7615,83000
2023-05-25 10:15:59,33,W+R,0,False,False,False,B,-0.85,13.7688,83000
2023-05-25 10:16:14,44,B+R,0,False,False,False,W,-0.85,13.8016,83000
2023-05-25 10:16:29,52,B+R,0,False,False,False,W,-0.85,13.8429,83000
2023-05-25 10:16:42,43,W+R,0,False,False,False,B,-0.85,13.8744,83000
2023-05-25 10:16:57,51,W+R,0,False,False,False,B,-0.85,13.9191,83000
2023-05-25 10:17:06,33,W+R,0,False,False,False,B,-0.85,13.8942,83000
2023-05-25 10:17:16,49,W+R,0,False,False,False,B,-0.85,13.898,83000
2023-05-25 10:17:23,33,W+R,0,False,False,False,B,-0.85,13.8613,83000
2023-05-25 10:17:31,33,W+R,0,False,False,False,B,-0.85,13.8323,83000
2023-05-25 10:17:40,33,W+R,0,False,False,False,B,-0.85,13.7743,83000
2023-05-25 10:17:50,33,W+R,0,False,False,False,B,-0.85,13.726,83000
2023-05-25 10:18:16,75,W+R,0,False,False,False,B,-0.85,13.9295,83000
2023-05-25 10:18:31,63,W+R,0,False,False,False,B,-0.85,14.0067,83000
2023-05-25 10:18:41,33,W+R,0,False,False,False,B,-0.85,14.0191,83000
2023-05-25 10:19:04,75,W+R,7,False,False,False,B,-0.85,14.0718,83000
2023-05-25 10:19:15,33,W+R,0,False,False,False,B,-0.85,14.0456,83000
2023-05-25 10:19:25,33,W+R,0,False,False,False,B,-0.85,13.9263,83000
2023-05-25 10:19:36,33,W+R,0,False,False,False,B,-0.85,13.9435,83000
2023-05-25 10:19:47,33,W+R,0,False,False,False,B,-0.85,13.9531,83000
2023-05-25 10:19:57,33,W+R,0,False,False,False,B,-0.85,13.9285,83000
2023-05-25 10:20:08,33,W+R,0,False,False,False,B,-0.85,13.9389,83000
2023-05-25 10:20:19,33,W+R,0,False,False,False,B,-0.85,13.8197,83000
2023-05-25 10:20:33,49,W+R,6,False,False,False,B,-0.85,13.7978,83000
2023-05-25 10:20:46,53,W+R,0,False,False,False,B,-0.85,13.6493,83000
2023-05-25 10:20:55,33,W+R,0,False,False,False,B,-0.85,13.6531,83000
2023-05-25 10:21:06,33,W+R,0,False,False,False,B,-0.85,13.6708,83000
2023-05-25 10:21:16,33,W+R,0,False,False,False,B,-0.85,13.6679,83000
2023-05-25 10:21:35,113,W+1.5,15,True,True,False,B,-0.85,13.7599,83000
2023-05-25 10:21:46,33,W+R,0,False,False,False,B,-0.85,13.7187,83000
2023-05-25 10:23:21,33,W+R,0,False,False,False,B,-0.85,13.4414,84000
2023-05-25 10:23:41,63,W+R,0,False,False,False,B,-0.85,13.4894,84000
2023-05-25 10:23:51,33,W+R,0,False,False,False,B,-0.85,13.31,84000
2023-05-25 10:24:05,45,W+R,0,False,False,False,B,-0.85,13.1415,84000
2023-05-25 10:24:23,60,B+R,0,False,False,False,W,-0.85,13.1156,84000
2023-05-25 10:24:42,61,W+R,0,False,False,False,B,-0.85,13.0017,84000
2023-05-25 10:25:15,100,W+1.5,12,True,True,False,B,-0.85,13.1083,84000
2023-05-25 10:25:25,33,W+R,0,False,False,False,B,-0.85,13.0641,84000
2023-05-25 10:25:36,33,W+R,0,False,False,False,B,-0.85,13.0652,84000
2023-05-25 10:25:47,33,W+R,0,False,False,False,B,-0.85,13.0717,84000
2023-05-25 10:25:56,33,W+R,0,False,False,False,B,-0.85,13.0138,84000
2023-05-25 10:26:05,33,W+R,0,False,False,False,B,-0.85,13.0184,84000
2023-05-25 10:26:24,61,W+R,0,False,False,False,B,-0.85,13.0673,84000
2023-05-25 10:26:40,52,B+R,2,False,False,False,W,-0.85,13.1126,84000
2023-05-25 10:26:54,46,B+R,0,False,False,False,W,-0.85,13.171,84000
2023-05-25 10:27:20,81,W+R,7,False,False,False,B,-0.85,13.3013,84000
2023-05-25 10:27:31,33,W+R,0,False,False,False,B,-0.85,13.2968,84000
2023-05-25 10:27:41,35,W+R,0,False,False,False,B,-0.85,13.2153,84000
2023-05-25 10:27:52,33,W+R,0,False,False,False,B,-0.85,13.2209,84000
2023-05-25 10:28:01,33,W+R,0,False,False,False,B,-0.85,13.2367,84000
2023-05-25 10:28:29,86,B+R,4,False,False,False,W,-0.85,13.4254,84000
2023-05-25 10:28:38,33,W+R,0,False,False,False,B,-0.85,13.4242,84000
2023-05-25 10:28:48,33,W+R,1,False,False,False,B,-0.85,13.4359,84000
2023-05-25 10:28:58,33,W+R,0,False,False,False,B,-0.85,13.437,84000
2023-05-25 10:29:08,33,W+R,0,False,False,False,B,-0.85,13.4438,84000
2023-05-25 10:29:18,33,W+R,0,False,False,False,B,-0.85,13.4302,84000
2023-05-25 10:29:47,93,W+2.5,10,True,True,False,B,-0.85,13.6257,84000
2023-05-25 10:30:04,56,B+R,4,False,False,False,W,-0.85,13.7126,84000
2023-05-25 10:30:20,71,W+R,0,False,False,False,B,-0.85,13.6931,84000
2023-05-25 10:30:38,54,B+R,0,False,False,False,W,-0.85,13.68,84000
2023-05-25 10:30:48,33,W+R,0,False,False,False,B,-0.85,13.6875,84000
2023-05-25 10:30:58,35,W+R,0,False,False,False,B,-0.85,13.6928,84000
2023-05-25 10:31:13,48,B+R,0,False,False,False,W,-0.85,13.7396,84000
2023-05-25 10:31:30,59,W+R,0,False,False,False,B,-0.85,13.7942,84000
2023-05-25 10:32:00,101,W+0.5,11,True,True,False,B,-0.85,13.9985,84000
2023-05-25 10:32:09,33,W+R,0,False,False,False,B,-0.85,13.9841,84000
2023-05-25 10:32:16,33,W+R,0,False,False,False,B,-0.85,13.9076,84000
2023-05-25 10:32:31,48,B+R,0,False,False,False,W,-0.85,13.9803,84000
2023-05-25 10:32:42,33,W+R,0,False,False,False,B,-0.85,13.9719,84000
2023-05-25 10:32:53,33,W+R,0,False,False,False,B,-0.85,13.988,84000
2023-05-25 10:33:04,33,W+R,0,False,False,False,B,-0.85,13.86,84000
2023-05-25 10:34:32,33,W+R,0,False,False,False,B,-0.85,13.6949,85000
2023-05-25 10:34:48,52,B+R,0,False,False,False,W,-0.85,13.7504,85000
2023-05-25 10:34:59,33,W+R,0,False,False,False,B,-0.85,13.7101,85000
2023-05-25 10:35:09,33,W+R,0,False,False,False,B,-0.85,13.5546,85000
2023-05-25 10:35:19,32,B+R,0,False,False,False,W,-0.85,13.3929,85000
2023-05-25 10:35:29,33,W+R,0,False,False,False,B,-0.85,13.3962,85000
2023-05-25 10:35:38,33,W+R,0,False,False,False,B,-0.85,13.3534,85000
2023-05-25 10:35:47,33,W+R,0,False,False,False,B,-0.85,13.3736,85000
2023-05-25 10:36:00,51,W+R,0,False,False,False,B,-0.85,13.2684,85000
2023-05-25 10:36:20,59,W+R,0,False,False,False,B,-0.85,13.3778,85000
2023-05-25 10:36:31,33,W+R,0,False,False,False,B,-0.85,13.3281,85000
2023-05-25 10:36:46,45,W+R,0,False,False,False,B,-0.85,13.3951,85000
2023-05-25 10:36:56,33,W+R,0,False,False,False,B,-0.85,13.3917,85000
2023-05-25 10:37:06,33,W+R,0,False,False,False,B,-0.85,13.4061,85000
2023-05-25 10:37:26,60,B+R,0,False,False,False,W,-0.85,13.5087,85000
2023-05-25 10:37:39,47,W+R,0,False,False,False,B,-0.85,13.5638,85000
2023-05-25 10:37:50,35,W+R,0,False,False,False,B,-0.85,13.4727,85000
2023-05-25 10:38:01,32,B+R,0,False,False,False,W,-0.85,13.5002,85000
2023-05-25 10:38:21,72,W+4.5,8,True,True,False,B,-0.85,13.5658,85000
2023-05-25 10:38:32,33,W+R,0,False,False,False,B,-0.85,13.5736,85000
2023-05-25 10:38:42,33,W+R,0,False,False,False,B,-0.85,13.5758,85000
2023-05-25 10:38:53,33,W+R,0,False,False,False,B,-0.85,13.5876,85000
2023-05-25 10:39:09,49,W+R,0,False,False,False,B,-0.85,13.6372,85000
2023-05-25 10:39:20,36,B+R,0,False,False,False,W,-0.85,13.5067,85000
2023-05-25 10:39:32,33,W+R,0,False,False,False,B,-0.85,13.431,85000
2023-05-25 10:39:46,53,W+R,0,False,False,False,B,-0.85,13.476,85000
2023-05-25 10:39:56,33,W+R,0,False,False,False,B,-0.85,13.4019,85000
2023-05-25 10:40:19,75,B+2.5,4,True,True,False,W,-0.85,13.3819,85000
2023-05-25 10:40:29,33,W+R,0,False,False,False,B,-0.85,13.3851,85000
2023-05-25 10:40:40,33,W+R,0,False,False,False,B,-0.85,13.3504,85000
2023-05-25 10:40:51,33,W+R,0,False,False,False,B,-0.85,13.309,85000
2023-05-25 10:41:16,94,W+1.5,10,True,True,False,B,-0.85,13.424,85000
2023-05-25 10:41:26,33,W+R,0,False,False,False,B,-0.85,13.3703,85000
2023-05-25 10:41:37,33,W+R,0,False,False,False,B,-0.85,13.3927,85000
2023-05-25 10:41:46,33,W+R,0,False,False,False,B,-0.85,13.3851,85000
2023-05-25 10:41:56,33,W+R,0,False,False,False,B,-0.85,13.4159,85000
2023-05-25 10:42:09,48,B+R,0,False,False,False,W,-0.85,13.4679,85000
2023-05-25 10:42:20,33,W+R,0,False,False,False,B,-0.85,13.4767,85000
2023-05-25 10:42:29,33,W+R,0,False,False,False,B,-0.85,13.4808,85000
2023-05-25 10:42:55,82,W+2.5,10,True,True,False,B,-0.85,13.4757,85000
2023-05-25 10:43:07,33,W+R,0,False,False,False,B,-0.85,13.4417,85000
2023-05-25 10:43:25,59,W+R,0,False,False,False,B,-0.85,13.5289,85000
2023-05-25 10:43:34,33,W+R,0,False,False,False,B,-0.85,13.3866,85000
2023-05-25 10:43:45,33,W+R,0,False,False,False,B,-0.85,13.3853,85000
2023-05-25 10:43:55,33,W+R,0,False,False,False,B,-0.85,13.3803,85000
2023-05-25 10:44:13,58,B+R,1,False,False,False,W,-0.85,13.4543,85000
2023-05-25 10:45:42,33,W+R,0,False,False,False,B,-0.85,13.428,86000
2023-05-25 10:45:52,33,W+R,0,False,False,False,B,-0.85,13.4169,86000
2023-05-25 10:46:02,33,W+R,0,False,False,False,B,-0.85,13.4124,86000
2023-05-25 10:46:11,33,W+R,0,False,False,False,B,-0.85,13.3589,86000
2023-05-25 10:46:27,50,B+R,0,False,False,False,W,-0.85,13.3882,86000
2023-05-25 10:46:43,53,W+R,0,False,False,False,B,-0.85,13.4631,86000
2023-05-25 10:46:54,33,W+R,0,False,False,False,B,-0.85,13.4626,86000
2023-05-25 10:47:05,33,W+R,0,False,False,False,B,-0.85,13.469,86000
2023-05-25 10:47:17,37,W+R,0,False,False,False,B,-0.85,13.4042,86000
2023-05-25 10:47:39,70,W+4.5,4,True,True,False,B,-0.85,13.5098,86000
2023-05-25 10:48:05,101,W+1.5,26,True,True,False,B,-0.85,13.5553,86000
2023-05-25 10:48:12,33,W+R,0,False,False,False,B,-0.85,13.5254,86000
2023-05-25 10:48:32,56,B+R,0,False,False,False,W,-0.85,13.5145,86000
2023-05-25 10:48:47,49,W+R,0,False,False,False,B,-0.85,13.5682,86000
2023-05-25 10:48:58,33,W+R,0,False,False,False,B,-0.85,13.5393,86000
2023-05-25 10:49:09,33,W+R,0,False,False,False,B,-0.85,13.462,86000
2023-05-25 10:49:25,61,W+R,0,False,False,False,B,-0.85,13.4347,86000
2023-05-25 10:49:35,33,W+R,0,False,False,False,B,-0.85,13.2089,86000
2023-05-25 10:49:50,51,W+R,0,False,False,False,B,-0.85,13.2557,86000
2023-05-25 10:50:00,33,W+R,0,False,False,False,B,-0.85,13.2485,86000
2023-05-25 10:50:12,33,W+R,0,False,False,False,B,-0.85,13.2645,86000
2023-05-25 10:50:22,33,W+R,0,False,False,False,B,-0.85,13.2729,86000
2023-05-25 10:50:35,49,W+R,0,False,False,False,B,-0.85,13.3103,86000
2023-05-25 10:50:45,33,W+R,0,False,False,False,B,-0.85,13.2167,86000
2023-05-25 10:50:55,33,W+R,0,False,False,False,B,-0.85,13.1618,86000
2023-05-25 10:51:07,40,B+R,0,False,False,False,W,-0.85,13.1366,86000
2023-05-25 10:51:19,39,W+R,0,False,False,False,B,-0.85,12.9924,86000
2023-05-25 10:51:28,33,W+R,0,False,False,False,B,-0.85,12.9794,86000
2023-05-25 10:51:39,35,W+R,0,False,False,False,B,-0.85,12.9914,86000
2023-05-25 10:51:56,53,W+R,0,False,False,False,B,-0.85,13.0443,86000
2023-05-25 10:52:13,59,W+R,0,False,False,False,B,-0.85,13.1239,86000
2023-05-25 10:52:23,33,W+R,0,False,False,False,B,-0.85,12.9517,86000
2023-05-25 10:52:33,33,W+R,0,False,False,False,B,-0.85,12.9549,86000
2023-05-25 10:52:41,33,W+R,0,False,False,False,B,-0.85,12.9403,86000
2023-05-25 10:53:25,162,W+15.5,29,True,True,False,B,-0.85,13.2718,86000
2023-05-25 10:53:34,33,W+R,0,False,False,False,B,-0.85,13.2602,86000
2023-05-25 10:53:42,33,W+R,0,False,False,False,B,-0.85,13.252,86000
2023-05-25 10:53:52,36,B+R,0,False,False,False,W,-0.85,13.0609,86000
2023-05-25 10:54:02,33,W+R,0,False,False,False,B,-0.85,12.9892,86000
2023-05-25 10:54:13,40,B+R,0,False,False,False,W,-0.85,12.9351,86000
2023-05-25 10:54:23,33,W+R,0,False,False,False,B,-0.85,12.8666,86000
2023-05-25 10:54:34,33,W+R,0,False,False,False,B,-0.85,12.8602,86000
2023-05-25 10:54:45,33,W+R,0,False,False,False,B,-0.85,12.8711,86000
2023-05-25 10:54:56,33,W+R,0,False,False,False,B,-0.85,12.8325,86000
2023-05-25 10:55:09,41,W+R,0,False,False,False,B,-0.85,12.7948,86000
2023-05-25 10:56:36,33,W+R,0,False,False,False,B,-0.85,12.574,87000
2023-05-25 10:56:46,53,W+R,0,False,False,False,B,-0.85,12.6082,87000
2023-05-25 10:56:57,33,W+R,0,False,False,False,B,-0.85,12.5638,87000
2023-05-25 10:57:07,33,W+R,0,False,False,False,B,-0.85,12.5513,87000
2023-05-25 10:57:30,98,W+3.5,9,True,True,False,B,-0.85,12.6781,87000
2023-05-25 10:57:41,33,W+R,0,False,False,False,B,-0.85,12.6784,87000
2023-05-25 10:57:51,33,W+R,0,False,False,False,B,-0.85,12.6831,87000
2023-05-25 10:58:00,33,W+R,0,False,False,False,B,-0.85,12.6682,87000
2023-05-25 10:58:11,33,W+R,0,False,False,False,B,-0.85,12.6205,87000
2023-05-25 10:58:20,45,W+R,0,False,False,False,B,-0.85,12.6059,87000
2023-05-25 10:58:27,33,W+R,0,False,False,False,B,-0.85,12.5699,87000
2023-05-25 10:58:38,33,W+R,0,False,False,False,B,-0.85,12.576,87000
2023-05-25 10:58:47,33,W+R,0,False,False,False,B,-0.85,12.5676,87000
2023-05-25 10:58:57,33,W+R,0,False,False,False,B,-0.85,12.5823,87000
2023-05-25 10:59:08,44,B+R,0,False,False,False,W,-0.85,12.6007,87000
2023-05-25 10:59:19,35,W+R,0,False,False,False,B,-0.85,12.5728,87000
2023-05-25 10:59:28,33,W+R,0,False,False,False,B,-0.85,12.4722,87000
2023-05-25 10:59:39,33,W+R,0,False,False,False,B,-0.85,12.4684,87000
2023-05-25 10:59:49,33,W+R,0,False,False,False,B,-0.85,12.4192,87000
2023-05-25 11:00:08,66,B+R,0,False,False,False,W,-0.85,12.509,87000
2023-05-25 11:00:19,32,B+R,0,False,False,False,W,-0.85,12.5238,87000
2023-05-25 11:00:32,43,W+R,0,False,False,False,B,-0.85,12.4587,87000
2023-05-25 11:00:43,33,W+R,0,False,False,False,B,-0.85,12.4267,87000
2023-05-25 11:00:53,33,W+R,0,False,False,False,B,-0.85,12.4217,87000
2023-05-25 11:01:03,33,W+R,0,False,False,False,B,-0.85,12.4153,87000
2023-05-25 11:01:12,33,W+R,0,False,False,False,B,-0.85,12.297,87000
2023-05-25 11:01:20,33,W+R,0,False,False,False,B,-0.85,12.2768,87000
2023-05-25 11:01:31,33,W+R,0,False,False,False,B,-0.85,12.2806,87000
2023-05-25 11:01:46,50,B+R,0,False,False,False,W,-0.85,12.3184,87000
2023-05-25 11:02:11,81,B+2.5,3,False,False,False,,-0.85,12.4156,87000
2023-05-25 11:02:20,33,W+R,0,False,False,False,B,-0.85,12.3865,87000
2023-05-25 11:02:29,33,W+R,0,False,False,False,B,-0.85,12.3597,87000
2023-05-25 11:02:42,41,W+R,0,False,False,False,B,-0.85,12.3462,87000
2023-05-25 11:02:56,44,B+R,0,False,False,False,W,-0.85,12.388,87000
2023-05-25 11:03:16,66,B+R,0,False,False,False,W,-0.85,12.3655,87000
2023-05-25 11:03:26,33,W+R,0,False,False,False,B,-0.85,12.3578,87000
2023-05-25 11:03:43,55,W+R,0,False,False,False,B,-0.85,12.4208,87000
2023-05-25 11:03:54,33,W+R,0,False,False,False,B,-0.85,12.4196,87000
2023-05-25 11:04:19,72,B+R,0,False,False,False,W,-0.85,12.4241,87000
2023-05-25 11:04:28,33,W+R,0,False,False,False,B,-0.85,12.4139,87000
2023-05-25 11:04:37,33,W+R,0,False,False,False,B,-0.85,12.3976,87000
2023-05-25 11:04:47,33,W+R,0,False,False,False,B,-0.85,12.396,87000
2023-05-25 11:04:54,33,W+R,0,False,False,False,B,-0.85,12.3718,87000
2023-05-25 11:05:04,33,W+R,0,False,False,False,B,-0.85,12.336,87000
2023-05-25 11:05:14,33,W+R,0,False,False,False,B,-0.85,12.3382,87000
2023-05-25 11:05:24,33,W+R,0,False,False,False,B,-0.85,12.3392,87000
2023-05-25 11:05:41,52,B+R,0,False,False,False,W,-0.85,12.2479,87000
2023-05-25 11:05:51,33,W+R,0,False,False,False,B,-0.85,12.2287,87000
2023-05-25 11:06:01,33,W+R,0,False,False,False,B,-0.85,12.1502,87000
2023-05-25 11:06:10,32,B+R,0,False,False,False,W,-0.85,12.1468,87000
2023-05-25 11:07:36,33,W+R,0,False,False,False,B,-0.85,12.1123,88000
2023-05-25 11:07:45,33,W+R,0,False,False,False,B,-0.85,12.0115,88000
2023-05-25 11:07:55,33,W+R,0,False,False,False,B,-0.85,12.0141,88000
2023-05-25 11:08:05,33,W+R,0,False,False,False,B,-0.85,12.0392,88000
2023-05-25 11:08:15,33,W+R,0,False,False,False,B,-0.85,12.0382,88000
2023-05-25 11:08:34,58,B+R,0,False,False,False,W,-0.85,12.1201,88000
2023-05-25 11:08:44,33,W+R,0,False,False,False,B,-0.85,12.1355,88000
2023-05-25 11:08:55,33,W+R,0,False,False,False,B,-0.85,12.086,88000
2023-05-25 11:09:05,33,W+R,0,False,False,False,B,-0.85,12.0228,88000
2023-05-25 11:09:15,34,B+R,0,False,False,False,W,-0.85,12.0123,88000
2023-05-25 11:09:29,44,B+R,0,False,False,False,W,-0.85,12.0446,88000
2023-05-25 11:09:49,87,W+4.5,9,True,True,False,B,-0.85,12.1223,88000
2023-05-25 11:09:58,33,W+R,0,False,False,False,B,-0.85,12.0004,88000
2023-05-25 11:10:09,33,W+R,0,False,False,False,B,-0.85,11.8402,88000
2023-05-25 11:10:18,33,W+R,0,False,False,False,B,-0.85,11.859,88000
2023-05-25 11:10:24,33,W+R,0,False,False,False,B,-0.85,11.7299,88000
2023-05-25 11:10:41,67,W+R,4,False,False,False,B,-0.85,11.7431,88000
2023-05-25 11:10:58,54,B+R,0,False,False,False,W,-0.85,11.8093,88000
2023-05-25 11:11:14,56,B+R,0,False,False,False,W,-0.85,11.8615,88000
2023-05-25 11:11:24,33,W+R,0,False,False,False,B,-0.85,11.7949,88000
2023-05-25 11:11:43,59,W+R,0,False,False,False,B,-0.85,11.8892,88000
2023-05-25 11:12:11,86,B+R,4,False,False,False,W,-0.85,12.0105,88000
2023-05-25 11:12:21,33,W+R,0,False,False,False,B,-0.85,12.0159,88000
2023-05-25 11:12:32,33,W+R,0,False,False,False,B,-0.85,12.0014,88000
2023-05-25 11:12:49,61,W+R,1,False,False,False,B,-0.85,12.0765,88000
2023-05-25 11:13:03,47,W+R,0,False,False,False,B,-0.85,12.0868,88000
2023-05-25 11:13:18,46,B+R,0,False,False,False,W,-0.85,12.1374,88000
2023-05-25 11:13:50,95,W+9.5,3,True,True,False,B,-0.85,12.352,88000
2023-05-25 11:13:56,33,W+R,0,False,False,False,B,-0.85,12.2972,88000
2023-05-25 11:14:07,33,W+R,0,False,False,False,B,-0.85,12.2872,88000
2023-05-25 11:14:16,32,B+R,0,False,False,False,W,-0.85,12.2818,88000
2023-05-25 11:14:24,33,W+R,0,False,False,False,B,-0.85,12.2528,88000
2023-05-25 11:14:31,33,W+R,0,False,False,False,B,-0.85,12.1544,88000
2023-05-25 11:14:42,39,W+R,0,False,False,False,B,-0.85,12.0939,88000
2023-05-25 11:14:51,33,W+R,0,False,False,False,B,-0.85,12.0865,88000
2023-05-25 11:15:01,33,W+R,0,False,False,False,B,-0.85,12.0865,88000
2023-05-25 11:15:12,33,W+R,0,False,False,False,B,-0.85,12.1087,88000
2023-05-25 11:15:32,63,W+R,0,False,False,False,B,-0.85,11.8751,88000
2023-05-25 11:15:41,33,W+R,0,False,False,False,B,-0.85,11.878,88000
2023-05-25 11:15:48,36,B+R,0,False,False,False,W,-0.85,11.8681,88000
2023-05-25 11:15:55,33,W+R,0,False,False,False,B,-0.85,11.8328,88000
2023-05-25 11:16:14,86,B+R,8,False,False,False,W,-0.85,11.9239,88000
2023-05-25 11:16:24,48,B+R,0,False,False,False,W,-0.85,11.9116,88000
2023-05-25 11:16:33,33,W+R,0,False,False,False,B,-0.85,11.8975,88000
2023-05-25 11:16:43,33,W+R,0,False,False,False,B,-0.85,11.901,88000
2023-05-25 11:16:55,37,W+R,0,False,False,False,B,-0.85,11.909,88000
2023-05-25 11:17:05,33,W+R,0,False,False,False,B,-0.85,11.8965,88000
2023-05-25 11:17:15,35,W+R,0,False,False,False,B,-0.85,11.8682,88000
2023-05-25 11:17:25,33,W+R,0,False,False,False,B,-0.85,11.8831,88000
2023-05-25 11:17:34,33,W+R,0,False,False,False,B,-0.85,11.8897,88000
2023-05-25 11:19:10,33,W+R,0,False,False,False,B,-0.85,11.9723,89000
2023-05-25 11:19:27,60,B+R,0,False,False,False,W,-0.85,12.047,89000
2023-05-25 11:19:36,33,W+R,0,False,False,False,B,-0.85,11.9097,89000
2023-05-25 11:19:52,51,W+R,0,False,False,False,B,-0.85,11.9582,89000
2023-05-25 11:20:03,33,W+R,0,False,False,False,B,-0.85,11.9674,89000
2023-05-25 11:20:23,60,B+R,1,False,False,False,W,-0.85,12.0808,89000
2023-05-25 11:20:34,47,W+R,0,False,False,False,B,-0.85,12.0794,89000
2023-05-25 11:20:48,58,W+1.5,4,True,True,False,B,-0.85,12.1205,89000
2023-05-25 11:20:57,33,W+R,0,False,False,False,B,-0.85,12.1456,89000
2023-05-25 11:21:12,53,W+R,0,False,False,False,B,-0.85,12.1839,89000
2023-05-25 11:21:20,33,W+R,0,False,False,False,B,-0.85,12.1807,89000
2023-05-25 11:21:31,33,W+R,0,False,False,False,B,-0.85,12.1852,89000
2023-05-25 11:21:46,49,W+R,0,False,False,False,B,-0.85,12.2289,89000
2023-05-25 11:21:58,40,B+R,0,False,False,False,W,-0.85,12.2423,89000
2023-05-25 11:22:10,37,W+R,0,False,False,False,B,-0.85,12.2682,89000
2023-05-25 11:22:21,33,W+R,0,False,False,False,B,-0.85,12.2693,89000
2023-05-25 11:22:35,53,W+R,0,False,False,False,B,-0.85,12.3045,89000
2023-05-25 11:22:43,33,W+R,0,False,False,False,B,-0.85,12.1994,89000
2023-05-25 11:22:51,33,W+R,0,False,False,False,B,-0.85,12.1635,89000
2023-05-25 11:22:58,33,W+R,0,False,False,False,B,-0.85,12.1006,89000
2023-05-25 11:23:05,33,W+R,0,False,False,False,B,-0.85,12.0676,89000
2023-05-25 11:23:14,33,W+R,0,False,False,False,B,-0.85,12.0518,89000
2023-05-25 11:23:31,78,W+0.5,8,True,True,False,B,-0.85,12.1279,89000
2023-05-25 11:23:38,33,W+R,0,False,False,False,B,-0.85,12.1049,89000
2023-05-25 11:23:45,33,W+R,0,False,False,False,B,-0.85,12.0926,89000
2023-05-25 11:23:55,33,W+R,0,False,False,False,B,-0.85,12.0895,89000
2023-05-25 11:24:27,101,B+9.5,5,True,True,False,W,-0.85,12.2608,89000
2023-05-25 11:24:45,62,B+R,0,False,False,False,W,-0.85,12.1848,89000
2023-05-25 11:25:10,99,W+0.5,11,True,True,False,B,-0.85,12.3511,89000
2023-05-25 11:25:21,33,W+R,0,False,False,False,B,-0.85,12.3637,89000
2023-05-25 11:25:31,34,B+R,0,False,False,False,W,-0.85,12.3389,89000
2023-05-25 11:25:58,91,B+6.5,10,True,True,False,W,-0.85,12.4701,89000
2023-05-25 11:26:32,107,W+8.5,8,True,True,False,B,-0.85,12.6004,89000
2023-05-25 11:26:43,33,W+R,0,False,False,False,B,-0.85,12.6167,89000
2023-05-25 11:26:52,33,W+R,0,False,False,False,B,-0.85,12.5305,89000
2023-05-25 11:27:21,100,W+7.5,12,True,True,False,B,-0.85,12.717,89000
2023-05-25 11:27:32,33,W+R,0,False,False,False,B,-0.85,12.5777,89000
2023-05-25 11:27:43,33,W+R,0,False,False,False,B,-0.85,12.5926,89000
2023-05-25 11:27:53,33,W+R,0,False,False,False,B,-0.85,12.5997,89000
2023-05-25 11:28:00,33,W+R,0,False,False,False,B,-0.85,12.5791,89000
2023-05-25 11:28:09,33,W+R,0,False,False,False,B,-0.85,12.5959,89000
2023-05-25 11:28:22,43,W+R,0,False,False,False,B,-0.85,12.6311,89000
2023-05-25 11:28:39,54,B+R,0,False,False,False,W,-0.85,12.6899,89000
2023-05-25 11:28:48,33,W+R,0,False,False,False,B,-0.85,12.685,89000
2023-05-25 11:29:01,50,B+R,0,False,False,False,W,-0.85,12.6499,89000
2023-05-25 11:30:33,39,W+R,0,False,False,False,B,-0.85,12.6702,90000
2023-05-25 11:30:43,33,W+R,0,False,False,False,B,-0.85,12.6752,90000
2023-05-25 11:30:53,33,W+R,0,False,False,False,B,-0.85,12.6875,90000
2023-05-25 11:31:09,52,B+R,0,False,False,False,W,-0.85,12.7702,90000
2023-05-25 11:31:39,107,W+7.5,18,True,True,False,B,-0.85,12.984,90000
2023-05-25 11:31:50,33,W+R,0,False,False,False,B,-0.85,12.9828,90000
2023-05-25 11:32:05,51,W+R,0,False,False,False,B,-0.85,13.0382,90000
2023-05-25 11:32:15,33,W+R,0,False,False,False,B,-0.85,13.0369,90000
2023-05-25 11:32:25,33,W+R,0,False,False,False,B,-0.85,12.9494,90000
2023-05-25 11:32:36,33,W+R,0,False,False,False,B,-0.85,12.9558,90000
2023-05-25 11:32:46,33,W+R,0,False,False,False,B,-0.85,12.9493,90000
2023-05-25 11:32:58,44,B+R,0,False,False,False,W,-0.85,12.9634,90000
2023-05-25 11:33:18,65,W+R,0,False,False,False,B,-0.85,13.0729,90000
2023-05-25 11:33:30,39,W+R,0,False,False,False,B,-0.85,13.0507,90000
2023-05-25 11:33:48,60,B+R,0,False,False,False,W,-0.85,13.0284,90000
2023-05-25 11:33:58,33,W+R,0,False,False,False,B,-0.85,13.0341,90000
2023-05-25 11:34:07,33,W+R,0,False,False,False,B,-0.85,13.0221,90000
2023-05-25 11:34:17,33,W+R,0,False,False,False,B,-0.85,13.0295,90000
2023-05-25 11:34:39,89,W+1.5,11,True,True,False,B,-0.85,13.1869,90000
2023-05-25 11:34:49,33,W+R,0,False,False,False,B,-0.85,13.1151,90000
2023-05-25 11:34:58,33,W+R,0,False,False,False,B,-0.85,13.0399,90000
2023-05-25 11:35:29,105,B+2.5,13,True,True,False,W,-0.85,13.1885,90000
2023-05-25 11:35:38,33,W+R,0,False,False,False,B,-0.85,13.1803,90000
2023-05-25 11:35:49,33,W+R,0,False,False,False,B,-0.85,13.0893,90000
2023-05-25 11:35:59,33,W+R,0,False,False,False,B,-0.85,12.9191,90000
2023-05-25 11:36:09,33,W+R,0,False,False,False,B,-0.85,12.9106,90000
2023-05-25 11:36:29,66,B+R,0,False,False,False,W,-0.85,13.0066,90000
2023-05-25 11:36:41,35,W+R,0,False,False,False,B,-0.85,12.9567,90000
2023-05-25 11:36:52,32,B+R,0,False,False,False,W,-0.85,12.9175,90000
2023-05-25 11:37:06,47,W+R,0,False,False,False,B,-0.85,12.9233,90000
2023-05-25 11:37:23,57,W+R,0,False,False,False,B,-0.85,12.7742,90000
2023-05-25 11:37:32,33,W+R,0,False,False,False,B,-0.85,12.7983,90000
2023-05-25 11:37:43,36,B+R,0,False,False,False,W,-0.85,12.8002,90000
2023-05-25 11:37:53,33,W+R,0,False,False,False,B,-0.85,12.8143,90000
2023-05-25 11:38:04,33,W+R,0,False,False,False,B,-0.85,12.8334,90000
2023-05-25 11:38:13,33,W+R,0,False,False,False,B,-0.85,12.8606,90000
2023-05-25 11:38:24,33,W+R,0,False,False,False,B,-0.85,12.8621,90000
2023-05-25 11:38:46,75,B+3.5,4,True,True,False,W,-0.85,12.9829,90000
2023-05-25 11:39:24,162,W+12.5,36,True,True,False,B,-0.85,13.2674,90000
2023-05-25 11:39:38,44,B+R,0,False,False,False,W,-0.85,13.304,90000
2023-05-25 11:39:55,58,B+1.5,3,True,True,True,B,-0.85,13.2747,90000
2023-05-25 11:40:06,33,W+R,0,False,False,False,B,-0.85,13.2846,90000
2023-05-25 11:41:46,71,W+R,1,False,False,False,B,-0.85,13.4855,91000
2023-05-25 11:41:56,33,W+R,0,False,False,False,B,-0.85,13.3927,91000
2023-05-25 11:42:09,43,W+R,0,False,False,False,B,-0.85,13.4279,91000
2023-05-25 11:42:17,33,W+R,0,False,False,False,B,-0.85,13.4128,91000
2023-05-25 11:42:28,33,W+R,0,False,False,False,B,-0.85,13.4234,91000
2023-05-25 11:42:38,33,W+R,0,False,False,False,B,-0.85,13.405,91000
2023-05-25 11:42:48,33,W+R,0,False,False,False,B,-0.85,13.4079,91000
2023-05-25 11:42:59,32,B+R,0,False,False,False,W,-0.85,13.4054,91000
2023-05-25 11:43:11,33,W+R,0,False,False,False,B,-0.85,13.4384,91000
2023-05-25 11:43:29,57,W+R,0,False,False,False,B,-0.85,13.526,91000
2023-05-25 11:43:38,33,W+R,0,False,False,False,B,-0.85,13.4383,91000
2023-05-25 11:43:48,33,W+R,0,False,False,False,B,-0.85,13.4233,91000
2023-05-25 11:44:04,51,W+R,0,False,False,False,B,-0.85,13.4046,91000
2023-05-25 11:44:14,33,W+R,0,False,False,False,B,-0.85,13.4087,91000
2023-05-25 11:44:25,32,B+R,0,False,False,False,W,-0.85,13.3667,91000
2023-05-25 11:44:41,51,W+R,0,False,False,False,B,-0.85,13.4139,91000
2023-05-25 11:44:48,33,W+R,0,False,False,False,B,-0.85,13.2851,91000
2023-05-25 11:44:58,33,W+R,0,False,False,False,B,-0.85,13.2742,91000
2023-05-25 11:45:07,33,W+R,0,False,False,False,B,-0.85,13.2275,91000
2023-05-25 11:45:40,162,W+12.5,25,True,True,False,B,-0.85,13.4688,91000
2023-05-25 11:45:51,33,W+R,0,False,False,False,B,-0.85,13.4273,91000
2023-05-25 11:46:02,33,W+R,0,False,False,False,B,-0.85,13.4475,91000
2023-05-25 11:46:12,33,W+R,0,False,False,False,B,-0.85,13.4469,91000
2023-05-25 11:46:22,33,W+R,0,False,False,False,B,-0.85,13.4012,91000
2023-05-25 11:46:33,33,W+R,0,False,False,False,B,-0.85,13.3843,91000
2023-05-25 11:46:46,49,W+R,0,False,False,False,B,-0.85,13.3853,91000
2023-05-25 11:46:56,33,W+R,0,False,False,False,B,-0.85,13.3908,91000
2023-05-25 11:47:07,33,W+R,0,False,False,False,B,-0.85,13.3538,91000
2023-05-25 11:47:17,33,W+R,0,False,False,False,B,-0.85,13.3708,91000
2023-05-25 11:47:38,66,B+R,2,False,False,False,W,-0.85,13.5026,91000
2023-05-25 11:47:50,43,W+R,0,False,False,False,B,-0.85,13.553,91000
2023-05-25 11:48:00,33,W+R,0,False,False,False,B,-0.85,13.5886,91000
2023-05-25 11:48:21,60,B+R,0,False,False,False,W,-0.85,13.7073,91000
2023-05-25 11:48:31,33,W+R,0,False,False,False,B,-0.85,13.6333,91000
2023-05-25 11:48:43,34,B+R,0,False,False,False,W,-0.85,13.6831,91000
2023-05-25 11:48:55,41,W+R,0,False,False,False,B,-0.85,13.7306,91000
2023-05-25 11:49:04,33,W+R,0,False,False,False,B,-0.85,13.7227,91000
2023-05-25 11:49:19,53,W+R,0,False,False,False,B,-0.85,13.5594,91000
2023-05-25 11:49:31,33,W+R,0,False,False,False,B,-0.85,13.4926,91000
2023-05-25 11:49:40,33,W+R,0,False,False,False,B,-0.85,13.335,91000
2023-05-25 11:49:51,33,W+R,0,False,False,False,B,-0.85,13.3397,91000
2023-05-25 11:50:06,48,B+R,0,False,False,False,W,-0.85,13.3832,91000
2023-05-25 11:50:16,33,W+R,0,False,False,False,B,-0.85,13.2174,91000
2023-05-25 11:50:27,33,W+R,0,False,False,False,B,-0.85,12.9866,91000
2023-05-25 11:50:37,33,W+R,0,False,False,False,B,-0.85,12.9739,91000
2023-05-25 11:50:50,39,W+R,0,False,False,False,B,-0.85,13.0139,91000
2023-05-25 11:51:08,57,W+R,0,False,False,False,B,-0.85,12.8973,91000
2023-05-25 11:51:20,33,W+R,0,False,False,False,B,-0.85,12.9065,91000
2023-05-25 11:52:48,32,B+R,0,False,False,False,W,-0.85,12.8877,92000
2023-05-25 11:52:59,33,W+R,0,False,False,False,B,-0.85,12.918,92000
2023-05-25 11:53:08,33,W+R,0,False,False,False,B,-0.85,12.9199,92000
2023-05-25 11:53:18,33,W+R,0,False,False,False,B,-0.85,12.8887,92000
2023-05-25 11:53:29,33,W+R,0,False,False,False,B,-0.85,12.8327,92000
2023-05-25 11:53:38,33,W+R,0,False,False,False,B,-0.85,12.8285,92000
2023-05-25 11:53:50,39,W+R,0,False,False,False,B,-0.85,12.8242,92000
2023-05-25 11:54:00,33,W+R,0,False,False,False,B,-0.85,12.8341,92000
2023-05-25 11:54:44,162,W+1.5,19,False,False,False,,-0.85,13.1361,92000
2023-05-25 11:55:06,75,W+R,0,False,False,False,B,-0.85,13.2651,92000
2023-05-25 11:55:36,89,W+R,19,False,False,False,B,-0.85,13.4657,92000
2023-05-25 11:56:03,107,W+R,15,False,False,False,B,-0.85,13.5729,92000
2023-05-25 11:56:14,33,W+R,0,False,False,False,B,-0.85,13.3762,92000
2023-05-25 11:56:25,49,W+R,0,False,False,False,B,-0.85,13.3925,92000
2023-05-25 11:56:31,33,W+R,0,False,False,False,B,-0.85,13.2923,92000
2023-05-25 11:56:47,53,B+1.5,2,False,False,False,,-0.85,13.3547,92000
2023-05-25 11:56:55,33,W+R,0,False,False,False,B,-0.85,13.3292,92000
2023-05-25 11:57:05,33,W+R,0,False,False,False,B,-0.85,13.3175,92000
2023-05-25 11:57:19,47,W+R,0,False,False,False,B,-0.85,13.3698,92000
2023-05-25 11:57:29,43,W+R,0,False,False,False,B,-0.85,13.3512,92000
2023-05-25 11:57:36,33,W+R,0,False,False,False,B,-0.85,13.2111,92000
2023-05-25 11:57:42,33,W+R,0,False,False,False,B,-0.85,13.1505,92000
2023-05-25 11:57:57,55,W+R,0,False,False,False,B,-0.85,13.1231,92000
2023-05-25 11:58:11,49,W+0.5,6,False,False,False,,-0.85,13.1634,92000
2023-05-25 11:58:25,44,B+R,0,False,False,False,W,-0.85,13.2134,92000
2023-05-25 11:58:33,33,W+R,0,False,False,False,B,-0.85,13.1897,92000
2023-05-25 11:58:39,33,W+R,0,False,False,False,B,-0.85,13.0344,92000
2023-05-25 11:58:48,33,W+R,0,False,False,False,B,-0.85,13.0239,92000
2023-05-25 11:58:56,41,W+R,0,False,False,False,B,-0.85,13.0108,92000
2023-05-25 11:59:19,77,B+1.5,14,False,False,False,,-0.85,12.9344,92000
2023-05-25 11:59:38,60,B+R,2,False,False,False,W,-0.85,13.0352,92000
2023-05-25 11:59:47,33,W+R,0,False,False,False,B,-0.85,13.0177,92000
2023-05-25 11:59:58,33,W+R,0,False,False,False,B,-0.85,13.0202,92000
2023-05-25 12:00:09,37,W+R,0,False,False,False,B,-0.85,13.038,92000
2023-05-25 12:00:20,37,W+R,0,False,False,False,B,-0.85,12.9467,92000
2023-05-25 12:00:28,34,B+R,0,False,False,False,W,-0.85,12.9035,92000
2023-05-25 12:00:37,33,W+R,0,False,False,False,B,-0.85,12.8926,92000
2023-05-25 12:00:48,33,W+R,0,False,False,False,B,-0.85,12.8503,92000
2023-05-25 12:00:58,33,W+R,0,False,False,False,B,-0.85,12.7763,92000
2023-05-25 12:01:08,33,W+R,0,False,False,False,B,-0.85,12.7881,92000
2023-05-25 12:01:19,38,B+R,0,False,False,False,W,-0.85,12.7971,92000
2023-05-25 12:01:32,49,W+R,0,False,False,False,B,-0.85,12.8255,92000
2023-05-25 12:01:45,42,B+R,0,False,False,False,W,-0.85,12.848,92000
2023-05-25 12:01:53,33,W+R,0,False,False,False,B,-0.85,12.8355,92000
2023-05-25 12:02:04,33,W+R,0,False,False,False,B,-0.85,12.8291,92000
2023-05-25 12:02:28,73,W+R,0,False,False,False,B,-0.85,12.8585,92000
2023-05-25 12:02:38,33,W+R,0,False,False,False,B,-0.85,12.5765,92000
2023-05-25 12:02:48,32,B+R,0,False,False,False,W,-0.85,12.5273,92000
2023-05-25 12:02:57,32,B+R,0,False,False,False,W,-0.85,12.4485,92000
2023-05-25 12:04:23,33,W+R,0,False,False,False,B,-0.85,12.4859,93000
2023-05-25 12:04:34,40,B+R,0,False,False,False,W,-0.85,12.3636,93000
2023-05-25 12:04:43,33,W+R,0,False,False,False,B,-0.85,12.3593,93000
2023-05-25 12:05:20,162,W+10.5,37,True,True,False,B,-0.85,12.5938,93000
2023-05-25 12:05:30,33,W+R,0,False,False,False,B,-0.85,12.6146,93000
2023-05-25 12:06:15,162,W+9.5,30,True,True,False,B,-0.85,12.9495,93000
2023-05-25 12:06:25,32,B+R,0,False,False,False,W,-0.85,12.9483,93000
2023-05-25 12:06:39,51,W+R,0,False,False,False,B,-0.85,12.9862,93000
2023-05-25 12:06:56,57,W+R,0,False,False,False,B,-0.85,13.0539,93000
2023-05-25 12:07:06,33,W+R,0,False,False,False,B,-0.85,13.0282,93000
2023-05-25 12:07:20,55,W+R,4,False,False,False,B,-0.85,12.9959,93000
2023-05-25 12:07:30,33,W+R,0,False,False,False,B,-0.85,13.0017,93000
2023-05-25 12:07:40,33,W+R,0,False,False,False,B,-0.85,12.9982,93000
2023-05-25 12:07:50,33,W+R,0,False,False,False,B,-0.85,12.9473,93000
2023-05-25 12:08:00,33,W+R,0,False,False,False,B,-0.85,12.9456,93000
2023-05-25 12:08:15,52,B+R,0,False,False,False,W,-0.85,12.9835,93000
2023-05-25 12:08:25,33,W+R,0,False,False,False,B,-0.85,12.9269,93000
2023-05-25 12:08:46,62,B+R,1,False,False,False,W,-0.85,13.0593,93000
2023-05-25 12:08:56,33,W+R,0,False,False,False,B,-0.85,13.0556,93000
2023-05-25 12:09:09,46,W+0.5,3,False,False,False,,-0.85,13.1011,93000
2023-05-25 12:09:19,33,W+R,0,False,False,False,B,-0.85,12.8705,93000
2023-05-25 12:09:29,33,W+R,0,False,False,False,B,-0.85,12.8589,93000
2023-05-25 12:09:49,60,B+R,0,False,False,False,W,-0.85,12.9493,93000
2023-05-25 12:10:08,58,B+R,0,False,False,False,W,-0.85,13.0402,93000
2023-05-25 12:10:17,33,W+R,0,False,False,False,B,-0.85,13.0297,93000
2023-05-25 12:10:27,33,W+R,0,False,False,False,B,-0.85,13.0222,93000
2023-05-25 12:10:37,33,W+R,0,False,False,False,B,-0.85,12.9974,93000
2023-05-25 12:10:48,35,W+R,0,False,False,False,B,-0.85,12.9927,93000
2023-05-25 12:10:57,33,W+R,0,False,False,False,B,-0.85,12.9799,93000
2023-05-25 12:11:15,58,B+R,0,False,False,False,W,-0.85,13.0621,93000
2023-05-25 12:11:21,33,W+R,0,False,False,False,B,-0.85,12.9142,93000
2023-05-25 12:11:30,35,W+R,0,False,False,False,B,-0.85,12.8893,93000
2023-05-25 12:11:47,61,W+R,0,False,False,False,B,-0.85,12.947,93000
2023-05-25 12:11:57,33,W+R,0,False,False,False,B,-0.85,12.8384,93000
2023-05-25 12:12:13,59,W+0.5,2,True,True,False,B,-0.85,12.9029,93000
2023-05-25 12:12:22,33,W+R,0,False,False,False,B,-0.85,12.8764,93000
2023-05-25 12:12:44,83,B+1.5,8,False,False,False,,-0.85,12.9783,93000
2023-05-25 12:12:51,33,W+R,0,False,False,False,B,-0.85,12.9489,93000
2023-05-25 12:13:01,33,W+R,0,False,False,False,B,-0.85,12.8944,93000
2023-05-25 12:13:11,33,W+R,0,False,False,False,B,-0.85,12.889,93000
2023-05-25 12:13:31,71,B+1.5,4,True,True,False,W,-0.85,12.9905,93000
2023-05-25 12:13:38,33,W+R,0,False,False,False,B,-0.85,12.9515,93000
2023-05-25 12:13:48,49,W+R,0,False,False,False,B,-0.85,12.8981,93000
2023-05-25 12:15:33,79,W+R,2,False,False,False,B,-0.85,13.0606,94000
2023-05-25 12:15:56,70,B+R,1,False,False,False,W,-0.85,13.1937,94000
2023-05-25 12:16:16,58,B+R,0,False,False,False,W,-0.85,13.2581,94000
2023-05-25 12:16:47,116,W+3.5,15,True,True,False,B,-0.85,13.3982,94000
2023-05-25 12:17:03,50,B+R,0,False,False,False,W,-0.85,13.4369,94000
2023-05-25 12:17:15,37,W+R,0,False,False,False,B,-0.85,13.4516,94000
2023-05-25 12:17:26,37,W+R,0,False,False,False,B,-0.85,13.4804,94000
2023-05-25 12:17:47,71,W+R,5,False,False,False,B,-0.85,13.5815,94000
2023-05-25 12:18:11,162,W+15.5,38,True,True,False,B,-0.85,13.727,94000
2023-05-25 12:18:18,33,W+R,0,False,False,False,B,-0.85,13.7014,94000
2023-05-25 12:18:29,33,W+R,0,False,False,False,B,-0.85,13.7073,94000
2023-05-25 12:19:03,113,W+2.5,14,True,True,False,B,-0.85,13.9525,94000
2023-05-25 12:19:13,32,B+R,0,False,False,False,W,-0.85,13.9284,94000
2023-05-25 12:19:24,33,W+R,0,False,False,False,B,-0.85,13.9423,94000
2023-05-25 12:19:32,33,W+R,0,False,False,False,B,-0.85,13.586,94000
2023-05-25 12:19:42,33,W+R,0,False,False,False,B,-0.85,13.456,94000
2023-05-25 12:20:01,71,B+2.5,6,True,True,True,B,-0.85,13.3506,94000
2023-05-25 12:20:12,36,B+R,0,False,False,False,W,-0.85,13.1884,94000
2023-05-25 12:20:23,33,W+R,0,False,False,False,B,-0.85,13.1975,94000
2023-05-25 12:20:34,33,W+R,0,False,False,False,B,-0.85,13.1895,94000
2023-05-25 12:20:43,33,W+R,0,False,False,False,B,-0.85,13.2207,94000
2023-05-25 12:20:56,41,W+R,0,False,False,False,B,-0.85,13.1901,94000
2023-05-25 12:21:07,33,W+R,0,False,False,False,B,-0.85,13.2206,94000
2023-05-25 12:21:17,33,W+R,0,False,False,False,B,-0.85,13.221,94000
2023-05-25 12:21:36,65,W+R,0,False,False,False,B,-0.85,13.2711,94000
2023-05-25 12:21:47,33,W+R,0,False,False,False,B,-0.85,13.2746,94000
2023-05-25 12:22:24,129,W+16.5,19,True,True,False,B,-0.85,13.5855,94000
2023-05-25 12:22:34,33,W+R,0,False,False,False,B,-0.85,13.6276,94000
2023-05-25 12:22:44,33,W+R,0,False,False,False,B,-0.85,13.5697,94000
2023-05-25 12:22:55,44,B+R,0,False,False,False,W,-0.85,13.5438,94000
2023-05-25 12:23:04,33,W+R,0,False,False,False,B,-0.85,13.4887,94000
2023-05-25 12:23:18,47,W+R,1,False,False,False,B,-0.85,13.5572,94000
2023-05-25 12:23:27,33,W+R,0,False,False,False,B,-0.85,13.5794,94000
2023-05-25 12:23:37,33,W+R,0,False,False,False,B,-0.85,13.5872,94000
2023-05-25 12:23:48,33,W+R,0,False,False,False,B,-0.85,13.6148,94000
2023-05-25 12:23:57,33,W+R,0,False,False,False,B,-0.85,13.4812,94000
2023-05-25 12:24:08,33,W+R,0,False,False,False,B,-0.85,13.3991,94000
2023-05-25 12:24:24,56,B+R,0,False,False,False,W,-0.85,13.4719,94000
2023-05-25 12:24:38,48,B+R,0,False,False,False,W,-0.85,13.5057,94000
2023-05-25 12:24:51,46,B+R,0,False,False,False,W,-0.85,13.5219,94000
2023-05-25 12:25:01,33,W+R,0,False,False,False,B,-0.85,13.5121,94000
2023-05-25 12:26:28,33,W+R,0,False,False,False,B,-0.85,13.5311,95000
2023-05-25 12:26:40,33,W+R,0,False,False,False,B,-0.85,13.5393,95000
2023-05-25 12:26:49,33,W+R,0,False,False,False,B,-0.85,13.5387,95000
2023-05-25 12:26:57,33,W+R,0,False,False,False,B,-0.85,13.5101,95000
2023-05-25 12:27:06,33,W+R,0,False,False,False,B,-0.85,13.4912,95000
2023-05-25 12:27:20,40,B+R,0,False,False,False,W,-0.85,13.4932,95000
2023-05-25 12:27:53,162,W+0.5,28,True,True,False,B,-0.85,13.6975,95000
2023-05-25 12:28:03,33,W+R,0,False,False,False,B,-0.85,13.7132,95000
2023-05-25 12:28:14,33,W+R,0,False,False,False,B,-0.85,13.7283,95000
2023-05-25 12:28:50,162,W+13.5,47,True,True,False,B,-0.85,13.8352,95000
2023-05-25 12:28:59,33,W+R,0,False,False,False,B,-0.85,13.8269,95000
2023-05-25 12:29:08,33,W+R,0,False,False,False,B,-0.85,13.8196,95000
2023-05-25 12:29:19,33,W+R,0,False,False,False,B,-0.85,13.8449,95000
2023-05-25 12:29:29,33,W+R,0,False,False,False,B,-0.85,13.8048,95000
2023-05-25 12:29:43,46,B+R,0,False,False,False,W,-0.85,13.8357,95000
2023-05-25 12:29:52,33,W+R,0,False,False,False,B,-0.85,13.8096,95000
2023-05-25 12:30:03,32,B+R,0,False,False,False,W,-0.85,13.8307,95000
2023-05-25 12:30:28,99,W+7.5,13,True,True,False,B,-0.85,13.7171,95000
2023-05-25 12:30:45,56,B+R,0,False,False,False,W,-0.85,13.7885,95000
2023-05-25 12:30:53,33,W+R,0,False,False,False,B,-0.85,13.4193,95000
2023-05-25 12:31:04,33,W+R,0,False,False,False,B,-0.85,13.4276,95000
2023-05-25 12:31:13,33,W+R,0,False,False,False,B,-0.85,13.3833,95000
2023-05-25 12:31:25,41,W+R,0,False,False,False,B,-0.85,13.3295,95000
2023-05-25 12:31:32,33,W+R,0,False,False,False,B,-0.85,13.302,95000
2023-05-25 12:31:43,33,W+R,0,False,False,False,B,-0.85,13.2666,95000
2023-05-25 12:31:54,33,W+R,0,False,False,False,B,-0.85,13.2686,95000
2023-05-25 12:32:03,33,W+R,0,False,False,False,B,-0.85,13.267,95000
2023-05-25 12:32:13,33,W+R,0,False,False,False,B,-0.85,13.2589,95000
2023-05-25 12:32:21,33,W+R,0,False,False,False,B,-0.85,13.2458,95000
2023-05-25 12:32:31,32,B+R,0,False,False,False,W,-0.85,13.1927,95000
2023-05-25 12:32:45,50,B+R,0,False,False,False,W,-0.85,13.2373,95000
2023-05-25 12:33:04,65,W+R,0,False,False,False,B,-0.85,13.2122,95000
2023-05-25 12:33:14,37,W+R,0,False,False,False,B,-0.85,13.2191,95000
2023-05-25 12:33:24,35,W+R,0,False,False,False,B,-0.85,13.1876,95000
2023-05-25 12:33:35,46,W+11.5,3,True,True,False,B,-0.85,13.1968,95000
2023-05-25 12:33:47,39,W+R,0,False,False,False,B,-0.85,13.218,95000
2023-05-25 12:33:56,33,W+R,0,False,False,False,B,-0.85,13.1089,95000
2023-05-25 12:34:12,47,W+R,0,False,False,False,B,-0.85,13.0816,95000
2023-05-25 12:34:21,33,W+R,0,False,False,False,B,-0.85,13.0744,95000
2023-05-25 12:34:30,33,W+R,0,False,False,False,B,-0.85,13.0678,95000
2023-05-25 12:34:40,33,W+R,0,False,False,False,B,-0.85,13.0611,95000
2023-05-25 12:34:49,33,W+R,0,False,False,False,B,-0.85,13.0549,95000
2023-05-25 12:35:02,40,B+R,0,False,False,False,W,-0.85,13.088,95000
2023-05-25 12:35:12,33,W+R,0,False,False,False,B,-0.85,13.0038,95000
2023-05-25 12:35:22,33,W+R,0,False,False,False,B,-0.85,13.0466,95000
2023-05-25 12:35:31,33,W+R,0,False,False,False,B,-0.85,13.0449,95000
2023-05-25 12:35:42,33,W+R,0,False,False,False,B,-0.85,12.9859,95000
2023-05-25 12:37:31,84,B+R,1,False,False,False,W,-0.85,13.1679,96000
2023-05-25 12:37:47,48,B+R,0,False,False,False,W,-0.85,13.2325,96000
2023-05-25 12:38:05,71,W+1.5,2,True,True,False,B,-0.85,13.1953,96000
2023-05-25 12:38:23,58,W+0.5,8,False,False,False,,-0.85,13.3121,96000
2023-05-25 12:38:34,33,W+R,0,False,False,False,B,-0.85,13.3208,96000
2023-05-25 12:38:45,33,W+R,0,False,False,False,B,-0.85,13.3231,96000
2023-05-25 12:38:56,33,W+R,0,False,False,False,B,-0.85,13.2371,96000
2023-05-25 12:39:07,33,W+R,0,False,False,False,B,-0.85,13.2754,96000
2023-05-25 12:39:26,51,W+R,0,False,False,False,B,-0.85,13.371,96000
2023-05-25 12:39:36,33,W+R,0,False,False,False,B,-0.85,13.3499,96000
2023-05-25 12:39:59,72,B+R,1,False,False,False,W,-0.85,13.3317,96000
2023-05-25 12:40:10,33,W+R,0,False,False,False,B,-0.85,13.2066,96000
2023-05-25 12:40:33,66,B+R,0,False,False,False,W,-0.85,13.2387,96000
2023-05-25 12:40:43,43,W+R,0,False,False,False,B,-0.85,13.0267,96000
2023-05-25 12:40:51,33,W+R,0,False,False,False,B,-0.85,12.9463,96000
2023-05-25 12:41:28,162,W+9.5,40,True,True,False,B,-0.85,13.1988,96000
2023-05-25 12:41:48,78,W+8.5,5,True,True,False,B,-0.85,13.2846,96000
2023-05-25 12:41:57,33,W+R,0,False,False,False,B,-0.85,13.1691,96000
2023-05-25 12:42:38,162,W+3.5,32,True,True,False,B,-0.85,13.3394,96000
2023-05-25 12:42:48,33,W+R,0,False,False,False,B,-0.85,13.3664,96000
2023-05-25 12:42:57,33,W+R,0,False,False,False,B,-0.85,13.3435,96000
2023-05-25 12:43:18,70,W+5.5,3,True,True,False,B,-0.85,13.2201,96000
2023-05-25 12:43:28,36,B+R,0,False,False,False,W,-0.85,13.2214,96000
2023-05-25 12:43:36,33,W+R,0,False,False,False,B,-0.85,13.1841,96000
2023-05-25 12:43:45,33,W+R,0,False,False,False,B,-0.85,13.1968,96000
2023-05-25 12:43:55,33,W+R,0,False,False,False,B,-0.85,13.2078,96000
2023-05-25 12:44:06,33,W+R,0,False,False,False,B,-0.85,13.1169,96000
2023-05-25 12:44:13,33,W+R,0,False,False,False,B,-0.85,13.0761,96000
2023-05-25 12:44:24,36,B+R,0,False,False,False,W,-0.85,13.0811,96000
2023-05-25 12:44:35,33,W+R,0,False,False,False,B,-0.85,13.0773,96000
2023-05-25 12:44:44,33,W+R,0,False,False,False,B,-0.85,13.0723,96000
2023-05-25 12:44:51,33,W+R,0,False,False,False,B,-0.85,13.0158,96000
2023-05-25 12:45:00,33,W+R,0,False,False,False,B,-0.85,13.0048,96000
2023-05-25 12:45:10,33,W+R,0,False,False,False,B,-0.85,13.0061,96000
2023-05-25 12:45:20,32,B+R,0,False,False,False,W,-0.85,12.9087,96000
2023-05-25 12:45:35,47,W+R,0,False,False,False,B,-0.85,12.9494,96000
2023-05-25 12:45:42,33,W+R,0,False,False,False,B,-0.85,12.6493,96000
2023-05-25 12:45:53,35,W+R,0,False,False,False,B,-0.85,12.6519,96000
2023-05-25 12:46:06,46,B+R,0,False,False,False,W,-0.85,12.6947,96000
2023-05-25 12:46:15,33,W+R,0,False,False,False,B,-0.85,12.6663,96000
2023-05-25 12:46:54,152,W+11.5,32,True,True,False,B,-0.85,12.9704,96000
2023-05-25 12:47:05,33,W+R,0,False,False,False,B,-0.85,12.9332,96000
2023-05-25 12:48:37,61,W+R,0,False,False,False,B,-0.85,12.9991,97000
2023-05-25 12:48:48,33,W+R,0,False,False,False,B,-0.85,12.9933,97000
2023-05-25 12:48:59,33,W+R,0,False,False,False,B,-0.85,13.0074,97000
2023-05-25 12:49:23,82,W+2.5,13,True,True,False,B,-0.85,13.1386,97000
2023-05-25 12:49:34,33,W+R,0,False,False,False,B,-0.85,13.0877,97000
2023-05-25 12:49:44,33,W+R,0,False,False,False,B,-0.85,13.0452,97000
2023-05-25 12:50:01,52,B+R,0,False,False,False,W,-0.85,13.0815,97000
2023-05-25 12:50:10,33,W+R,0,False,False,False,B,-0.85,13.0814,97000
2023-05-25 12:50:21,33,W+R,0,False,False,False,B,-0.85,13.1047,97000
2023-05-25 12:50:31,43,W+R,0,False,False,False,B,-0.85,13.0986,97000
2023-05-25 12:50:45,49,W+R,0,False,False,False,B,-0.85,13.125,97000
2023-05-25 12:50:55,33,W+R,0,False,False,False,B,-0.85,13.1311,97000
2023-05-25 12:51:05,33,W+R,0,False,False,False,B,-0.85,13.1525,97000
2023-05-25 12:51:15,33,W+R,0,False,False,False,B,-0.85,13.1504,97000
2023-05-25 12:51:25,33,W+R,0,False,False,False,B,-0.85,13.1184,97000
2023-05-25 12:51:52,89,B+5.5,6,True,True,False,W,-0.85,13.0587,97000
2023-05-25 12:52:02,33,W+R,0,False,False,False,B,-0.85,13.0655,97000
2023-05-25 12:52:13,37,W+R,0,False,False,False,B,-0.85,13.0544,97000
2023-05-25 12:52:23,33,W+R,0,False,False,False,B,-0.85,12.7995,97000
2023-05-25 12:52:33,33,W+R,0,False,False,False,B,-0.85,12.8097,97000
2023-05-25 12:52:43,33,W+R,0,False,False,False,B,-0.85,12.8213,97000
2023-05-25 12:53:06,74,W+5.5,3,True,True,False,B,-0.85,12.9374,97000
2023-05-25 12:53:18,39,W+R,0,False,False,False,B,-0.85,12.9547,97000
2023-05-25 12:53:42,81,W+R,3,False,False,False,B,-0.85,13.056,97000
2023-05-25 12:53:51,33,W+R,0,False,False,False,B,-0.85,13.0634,97000
2023-05-25 12:54:01,35,W+R,0,False,False,False,B,-0.85,13.0513,97000
2023-05-25 12:54:11,35,W+R,0,False,False,False,B,-0.85,12.8917,97000
2023-05-25 12:54:21,33,W+R,0,False,False,False,B,-0.85,12.8241,97000
2023-05-25 12:54:30,33,W+R,0,False,False,False,B,-0.85,12.8373,97000
2023-05-25 12:54:40,33,W+R,0,False,False,False,B,-0.85,12.8288,97000
2023-05-25 12:54:50,33,W+R,0,False,False,False,B,-0.85,12.8377,97000
2023-05-25 12:55:00,33,W+R,0,False,False,False,B,-0.85,12.8231,97000
2023-05-25 12:55:11,33,W+R,0,False,False,False,B,-0.85,12.8556,97000
2023-05-25 12:55:43,89,W+R,2,False,False,False,B,-0.85,13.0633,97000
2023-05-25 12:55:54,33,W+R,0,False,False,False,B,-0.85,13.0686,97000
2023-05-25 12:56:04,33,W+R,0,False,False,False,B,-0.85,13.0731,97000
2023-05-25 12:56:14,32,B+R,0,False,False,False,W,-0.85,13.0802,97000
2023-05-25 12:56:23,33,W+R,0,False,False,False,B,-0.85,13.0893,97000
2023-05-25 12:56:33,33,W+R,0,False,False,False,B,-0.85,13.0866,97000
2023-05-25 12:56:42,33,W+R,0,False,False,False,B,-0.85,13.0351,97000
2023-05-25 12:56:51,33,W+R,0,False,False,False,B,-0.85,12.9465,97000
2023-05-25 12:57:10,59,W+R,0,False,False,False,B,-0.85,13.0303,97000
2023-05-25 12:57:24,45,W+R,0,False,False,False,B,-0.85,13.0671,97000
2023-05-25 12:57:34,33,W+R,0,False,False,False,B,-0.85,13.0558,97000
2023-05-25 12:57:45,36,B+R,0,False,False,False,W,-0.85,13.0485,97000
2023-05-25 12:57:52,33,W+R,0,False,False,False,B,-0.85,13.0353,97000
2023-05-25 12:58:05,43,W+R,0,False,False,False,B,-0.85,12.9932,97000
2023-05-25 12:58:16,33,W+R,0,False,False,False,B,-0.85,13.0189,97000
2023-05-25 12:59:48,33,W+R,0,False,False,False,B,-0.85,13.0331,98000
2023-05-25 12:59:59,41,W+R,0,False,False,False,B,-0.85,13.0465,98000
2023-05-25 13:00:15,51,W+R,0,False,False,False,B,-0.85,13.0797,98000
2023-05-25 13:00:26,33,W+R,0,False,False,False,B,-0.85,13.093,98000
2023-05-25 13:00:51,73,B+1.5,4,True,True,False,W,-0.85,13.2396,98000
2023-05-25 13:01:02,33,W+R,0,False,False,False,B,-0.85,13.2533,98000
2023-05-25 13:01:11,33,W+R,0,False,False,False,B,-0.85,13.2398,98000
2023-05-25 13:01:21,33,W+R,0,False,False,False,B,-0.85,13.1787,98000
2023-05-25 13:01:31,33,W+R,0,False,False,False,B,-0.85,12.9897,98000
2023-05-25 13:01:39,32,B+R,0,False,False,False,W,-0.85,12.9189,98000
2023-05-25 13:01:50,33,W+R,0,False,False,False,B,-0.85,12.846,98000
2023-05-25 13:02:02,41,W+R,0,False,False,False,B,-0.85,12.7835,98000
2023-05-25 13:02:12,33,W+R,0,False,False,False,B,-0.85,12.7703,98000
2023-05-25 13:02:22,33,W+R,0,False,False,False,B,-0.85,12.7676,98000
2023-05-25 13:02:33,33,W+R,0,False,False,False,B,-0.85,12.7657,98000
2023-05-25 13:02:43,33,W+R,0,False,False,False,B,-0.85,12.7593,98000
2023-05-25 13:02:53,33,W+R,0,False,False,False,B,-0.85,12.6661,98000
2023-05-25 13:03:02,33,W+R,0,False,False,False,B,-0.85,12.6594,98000
2023-05-25 13:03:13,33,W+R,0,False,False,False,B,-0.85,12.5346,98000
2023-05-25 13:03:23,33,W+R,0,False,False,False,B,-0.85,12.5289,98000
2023-05-25 13:03:33,33,W+R,0,False,False,False,B,-0.85,12.4007,98000
2023-05-25 13:03:44,33,W+R,0,False,False,False,B,-0.85,12.4021,98000
2023-05-25 13:03:54,33,W+R,0,False,False,False,B,-0.85,12.4275,98000
2023-05-25 13:04:18,80,W+0.5,14,False,False,False,,-0.85,12.3004,98000
2023-05-25 13:04:28,33,W+R,0,False,False,False,B,-0.85,12.1999,98000
2023-05-25 13:04:40,37,W+R,0,False,False,False,B,-0.85,12.2328,98000
2023-05-25 13:04:51,43,W+R,0,False,False,False,B,-0.85,11.9326,98000
2023-05-25 13:05:00,33,W+R,0,False,False,False,B,-0.85,11.9214,98000
2023-05-25 13:05:23,78,W+0.5,7,False,False,False,,-0.85,12.06,98000
2023-05-25 13:05:33,33,W+R,0,False,False,False,B,-0.85,11.9473,98000
2023-05-25 13:05:41,33,W+R,0,False,False,False,B,-0.85,11.9244,98000
2023-05-25 13:05:51,33,W+R,0,False,False,False,B,-0.85,11.9491,98000
2023-05-25 13:06:01,33,W+R,0,False,False,False,B,-0.85,11.9542,98000
2023-05-25 13:06:10,33,W+R,0,False,False,False,B,-0.85,11.942,98000
2023-05-25 13:06:20,33,W+R,0,False,False,False,B,-0.85,11.9429,98000
2023-05-25 13:06:35,46,B+R,0,False,False,False,W,-0.85,12.0178,98000
2023-05-25 13:06:44,33,W+R,0,False,False,False,B,-0.85,11.9933,98000
2023-05-25 13:06:55,33,W+R,0,False,False,False,B,-0.85,11.9954,98000
2023-05-25 13:07:12,56,W+0.5,6,True,True,False,B,-0.85,12.0758,98000
2023-05-25 13:07:23,35,W+R,0,False,False,False,B,-0.85,12.1209,98000
2023-05-25 13:07:34,33,W+R,0,False,False,False,B,-0.85,12.1311,98000
2023-05-25 13:07:44,33,W+R,0,False,False,False,B,-0.85,12.1328,98000
2023-05-25 13:07:55,33,W+R,1,False,False,False,B,-0.85,12.1404,98000
2023-05-25 13:08:07,37,B+1.5,2,False,False,False,,-0.85,12.1144,98000
2023-05-25 13:08:21,44,B+R,0,False,False,False,W,-0.85,12.1782,98000
2023-05-25 13:08:45,91,W+2.5,11,True,True,False,B,-0.85,12.3234,98000
2023-05-25 13:08:56,33,W+R,0,False,False,False,B,-0.85,12.2969,98000
2023-05-25 13:10:25,33,W+R,0,False,False,False,B,-0.85,12.0199,99000
2023-05-25 13:10:35,33,W+R,0,False,False,False,B,-0.85,12.0134,99000
2023-05-25 13:10:46,33,W+R,0,False,False,False,B,-0.85,12.0471,99000
2023-05-25 13:11:03,60,W+8.5,3,True,True,False,B,-0.85,12.0484,99000
2023-05-25 13:11:13,32,B+R,0,False,False,False,W,-0.85,12.0429,99000
2023-05-25 13:11:36,65,W+R,0,False,False,False,B,-0.85,12.1555,99000
2023-05-25 13:11:46,33,W+R,0,False,False,False,B,-0.85,12.0234,99000
2023-05-25 13:12:03,54,B+R,0,False,False,False,W,-0.85,12.0868,99000
2023-05-25 13:12:14,33,W+R,0,False,False,False,B,-0.85,12.0948,99000
2023-05-25 13:12:25,33,W+R,0,False,False,False,B,-0.85,12.0318,99000
2023-05-25 13:12:49,87,W+7.5,7,True,True,False,B,-0.85,12.1811,99000
2023-05-25 13:13:08,59,W+R,0,False,False,False,B,-0.85,12.2614,99000
2023-05-25 13:13:18,33,W+R,0,False,False,False,B,-0.85,12.2558,99000
2023-05-25 13:13:29,33,W+R,0,False,False,False,B,-0.85,12.2217,99000
2023-05-25 13:13:37,33,W+R,0,False,False,False,B,-0.85,12.2014,99000
2023-05-25 13:13:47,33,W+R,0,False,False,False,B,-0.85,12.2077,99000
2023-05-25 13:14:05,60,B+R,0,False,False,False,W,-0.85,12.2957,99000
2023-05-25 13:14:13,33,W+R,0,False,False,False,B,-0.85,12.2791,99000
2023-05-25 13:14:23,33,W+R,0,False,False,False,B,-0.85,12.104,99000
2023-05-25 13:14:32,33,W+R,0,False,False,False,B,-0.85,12.09,99000
2023-05-25 13:14:40,33,W+R,0,False,False,False,B,-0.85,12.0656,99000
2023-05-25 13:14:49,33,W+R,0,False,False,False,B,-0.85,12.0563,99000
2023-05-25 13:14:57,33,W+R,0,False,False,False,B,-0.85,12.0388,99000
2023-05-25 13:15:19,88,W+4.5,11,True,True,False,B,-0.85,12.156,99000
2023-05-25 13:15:29,33,W+R,0,False,False,False,B,-0.85,12.0214,99000
2023-05-25 13:15:40,33,W+R,0,False,False,False,B,-0.85,12.0136,99000
2023-05-25 13:15:59,63,W+10.5,7,True,True,False,B,-0.85,11.964,99000
2023-05-25 13:16:12,51,W+R,0,False,False,False,B,-0.85,12.0029,99000
2023-05-25 13:16:21,33,W+R,0,False,False,False,B,-0.85,11.9879,99000
2023-05-25 13:16:31,33,W+R,0,False,False,False,B,-0.85,11.9908,99000
2023-05-25 13:16:49,61,W+R,0,False,False,False,B,-0.85,12.0771,99000
2023-05-25 13:16:59,33,W+R,0,False,False,False,B,-0.85,12.0827,99000
2023-05-25 13:17:15,54,B+R,0,False,False,False,W,-0.85,12.1444,99000
2023-05-25 13:17:25,33,W+R,0,False,False,False,B,-0.85,12.1382,99000
2023-05-25 13:17:35,33,W+R,0,False,False,False,B,-0.85,12.1394,99000
2023-05-25 13:18:00,79,W+R,4,False,False,False,B,-0.85,12.2788,99000
2023-05-25 13:18:15,48,B+R,0,False,False,False,W,-0.85,12.1079,99000
2023-05-25 13:18:44,85,B+3.5,10,True,True,False,W,-0.85,12.2912,99000
2023-05-25 13:18:55,32,B+R,0,False,False,False,W,-0.85,12.3085,99000
2023-05-25 13:19:05,33,W+R,0,False,False,False,B,-0.85,12.3016,99000
2023-05-25 13:19:28,84,W+2.5,7,True,True,False,B,-0.85,12.4382,99000
2023-05-25 13:19:43,47,W+R,0,False,False,False,B,-0.85,12.4908,99000
2023-05-25 13:21:14,33,W+R,0,False,False,False,B,-0.85,12.4911,100000
2023-05-25 13:21:22,33,W+R,0,False,False,False,B,-0.85,12.3881,100000
2023-05-25 13:21:33,33,W+R,0,False,False,False,B,-0.85,12.3587,100000
2023-05-25 13:21:43,33,W+R,0,False,False,False,B,-0.85,12.3561,100000
2023-05-25 13:21:53,33,W+R,0,False,False,False,B,-0.85,12.3456,100000
2023-05-25 13:22:11,58,B+R,0,False,False,False,W,-0.85,12.4511,100000
2023-05-25 13:22:23,38,B+R,0,False,False,False,W,-0.85,12.4427,100000
2023-05-25 13:22:33,33,W+R,0,False,False,False,B,-0.85,12.4331,100000
2023-05-25 13:22:51,56,B+R,0,False,False,False,W,-0.85,12.5103,100000
2023-05-25 13:23:11,63,W+R,10,False,False,False,B,-0.85,12.6141,100000
2023-05-25 13:23:22,33,W+R,0,False,False,False,B,-0.85,12.615,100000
2023-05-25 13:23:59,122,B+3.5,18,True,True,False,W,-0.85,12.8212,100000
2023-05-25 13:24:13,46,B+R,0,False,False,False,W,-0.85,12.8495,100000
2023-05-25 13:24:24,33,W+R,0,False,False,False,B,-0.85,12.7118,100000
2023-05-25 13:24:34,33,W+R,0,False,False,False,B,-0.85,12.7046,100000
2023-05-25 13:24:44,33,W+R,0,False,False,False,B,-0.85,12.7112,100000
2023-05-25 13:25:03,64,B+R,2,False,False,False,W,-0.85,12.8089,100000
2023-05-25 13:25:15,33,W+R,0,False,False,False,B,-0.85,12.8312,100000
2023-05-25 13:25:23,33,W+R,0,False,False,False,B,-0.85,12.8279,100000
2023-05-25 13:25:29,33,W+R,0,False,False,False,B,-0.85,12.779,100000
2023-05-25 13:25:43,60,B+R,0,False,False,False,W,-0.85,12.7906,100000
2023-05-25 13:25:49,33,W+R,0,False,False,False,B,-0.85,12.7614,100000
2023-05-25 13:26:03,49,W+R,0,False,False,False,B,-0.85,12.7966,100000
2023-05-25 13:26:13,33,W+R,0,False,False,False,B,-0.85,12.7819,100000
2023-05-25 13:26:24,36,B+R,0,False,False,False,W,-0.85,12.7886,100000
2023-05-25 13:26:31,33,W+R,0,False,False,False,B,-0.85,12.7668,100000
2023-05-25 13:26:37,32,B+R,0,False,False,False,W,-0.85,12.7325,100000
2023-05-25 13:26:48,33,W+R,0,False,False,False,B,-0.85,12.7389,100000
2023-05-25 13:26:59,36,B+R,0,False,False,False,W,-0.85,12.7462,100000
2023-05-25 13:27:31,109,W+7.5,13,True,True,False,B,-0.85,12.9612,100000
2023-05-25 13:27:41,33,W+R,0,False,False,False,B,-0.85,12.9545,100000
2023-05-25 13:28:06,95,B+5.5,21,True,True,False,W,-0.85,13.1072,100000
2023-05-25 13:28:20,78,W+2.5,7,True,True,False,B,-0.85,13.0024,100000
2023-05-25 13:28:26,33,W+R,0,False,False,False,B,-0.85,12.9715,100000
2023-05-25 13:28:34,33,W+R,0,False,False,False,B,-0.85,12.9233,100000
2023-05-25 13:28:45,35,W+R,0,False,False,False,B,-0.85,12.9203,100000
2023-05-25 13:28:55,33,W+R,0,False,False,False,B,-0.85,12.9342,100000
2023-05-25 13:29:27,90,B+R,5,False,False,False,W,-0.85,13.0241,100000
2023-05-25 13:29:38,39,W+R,0,False,False,False,B,-0.85,13.0389,100000
2023-05-25 13:29:48,33,W+R,0,False,False,False,B,-0.85,13.056,100000
2023-05-25 13:30:18,92,W+2.5,11,True,True,False,B,-0.85,13.2586,100000
2023-05-25 13:30:27,33,W+R,0,False,False,False,B,-0.85,13.2447,100000
2023-05-25 13:30:37,32,B+R,0,False,False,False,W,-0.85,13.2523,100000
2023-05-25 13:30:46,33,W+R,0,False,False,False,B,-0.85,13.247,100000
2023-05-25 13:31:01,48,B+R,1,False,False,False,W,-0.85,13.2499,100000
2023-05-25 13:32:32,39,W+R,0,False,False,False,B,-0.85,13.2584,101000
2023-05-25 13:32:40,33,W+R,0,False,False,False,B,-0.85,13.1717,101000
2023-05-25 13:32:49,33,W+R,0,False,False,False,B,-0.85,13.1424,101000
2023-05-25 13:32:59,33,W+R,0,False,False,False,B,-0.85,13.1361,101000
2023-05-25 13:33:09,33,W+R,0,False,False,False,B,-0.85,13.1357,101000
2023-05-25 13:33:40,132,W+4.5,26,True,True,False,B,-0.85,13.3361,101000
2023-05-25 13:33:50,33,W+R,0,False,False,False,B,-0.85,13.3162,101000
2023-05-25 13:33:57,33,W+R,0,False,False,False,B,-0.85,13.2481,101000
2023-05-25 13:34:14,50,B+R,0,False,False,False,W,-0.85,13.1756,101000
2023-05-25 13:34:25,33,W+R,0,False,False,False,B,-0.85,13.1764,101000
2023-05-25 13:34:37,33,W+R,0,False,False,False,B,-0.85,13.2026,101000
2023-05-25 13:34:47,33,W+R,0,False,False,False,B,-0.85,13.1935,101000
2023-05-25 13:34:57,33,W+R,0,False,False,False,B,-0.85,13.1926,101000
2023-05-25 13:35:07,33,W+R,0,False,False,False,B,-0.85,13.1837,101000
2023-05-25 13:35:24,52,B+R,0,False,False,False,W,-0.85,13.1821,101000
2023-05-25 13:35:31,33,W+R,0,False,False,False,B,-0.85,13.1454,101000
2023-05-25 13:35:43,39,W+R,0,False,False,False,B,-0.85,13.0419,101000
2023-05-25 13:36:08,89,W+4.5,12,True,True,False,B,-0.85,13.1866,101000
2023-05-25 13:36:18,33,W+R,0,False,False,False,B,-0.85,13.1153,101000
2023-05-25 13:36:48,98,W+0.5,14,True,True,False,B,-0.85,13.3128,101000
2023-05-25 13:36:57,33,W+R,0,False,False,False,B,-0.85,13.2933,101000
2023-05-25 13:37:07,33,W+R,0,False,False,False,B,-0.85,13.1444,101000
2023-05-25 13:37:43,113,B+4.5,16,True,True,False,W,-0.85,13.3219,101000
2023-05-25 13:37:51,33,W+R,0,False,False,False,B,-0.85,13.3008,101000
2023-05-25 13:38:00,40,B+R,0,False,False,False,W,-0.85,13.2854,101000
2023-05-25 13:38:07,33,W+R,0,False,False,False,B,-0.85,13.2733,101000
2023-05-25 13:38:16,33,W+R,0,False,False,False,B,-0.85,13.2617,101000
2023-05-25 13:38:24,33,W+R,0,False,False,False,B,-0.85,13.1614,101000
2023-05-25 13:38:42,68,B+R,1,False,False,False,W,-0.85,13.2559,101000
2023-05-25 13:38:52,37,W+R,0,False,False,False,B,-0.85,13.258,101000
2023-05-25 13:39:02,32,B+R,0,False,False,False,W,-0.85,13.2725,101000
2023-05-25 13:39:13,37,W+R,0,False,False,False,B,-0.85,13.2922,101000
2023-05-25 13:39:23,43,W+R,0,False,False,False,B,-0.85,13.3043,101000
2023-05-25 13:39:38,54,B+1.5,4,False,False,False,,-0.85,13.3774,101000
2023-05-25 13:39:49,41,W+R,0,False,False,False,B,-0.85,13.2697,101000
2023-05-25 13:39:57,33,W+R,0,False,False,False,B,-0.85,13.2519,101000
2023-05-25 13:40:08,33,W+R,0,False,False,False,B,-0.85,13.2477,101000
2023-05-25 13:40:18,33,W+R,0,False,False,False,B,-0.85,13.1639,101000
2023-05-25 13:40:27,33,W+R,0,False,False,False,B,-0.85,13.12,101000
2023-05-25 13:40:44,54,B+R,0,False,False,False,W,-0.85,13.2024,101000
2023-05-25 13:40:54,33,W+R,0,False,False,False,B,-0.85,13.2015,101000
2023-05-25 13:41:04,33,W+R,0,False,False,False,B,-0.85,13.1147,101000
2023-05-25 13:41:14,33,W+R,0,False,False,False,B,-0.85,13.1182,101000
2023-05-25 13:41:24,33,W+R,0,False,False,False,B,-0.85,13.0571,101000
2023-05-25 13:42:48,33,W+R,0,False,False,False,B,-0.85,13.0395,102000
2023-05-25 13:42:58,33,W+R,0,False,False,False,B,-0.85,12.8988,102000
2023-05-25 13:43:14,52,B+R,0,False,False,False,W,-0.85,12.9089,102000
2023-05-25 13:43:25,33,W+R,0,False,False,False,B,-0.85,12.7227,102000
2023-05-25 13:43:32,33,W+R,0,False,False,False,B,-0.85,12.6773,102000
2023-05-25 13:43:40,33,W+R,0,False,False,False,B,-0.85,12.6639,102000
2023-05-25 13:43:46,32,B+R,0,False,False,False,W,-0.85,12.4966,102000
2023-05-25 13:43:58,44,B+R,0,False,False,False,W,-0.85,12.4634,102000
2023-05-25 13:44:07,33,W+R,0,False,False,False,B,-0.85,12.455,102000
2023-05-25 13:44:20,46,B+R,0,False,False,False,W,-0.85,12.5039,102000
2023-05-25 13:44:43,71,B+12.5,8,True,True,False,W,-0.85,12.6437,102000
2023-05-25 13:44:50,33,W+R,0,False,False,False,B,-0.85,12.6059,102000
2023-05-25 13:45:00,33,W+R,0,False,False,False,B,-0.85,12.6126,102000
2023-05-25 13:45:10,33,W+R,0,False,False,False,B,-0.85,12.6144,102000
2023-05-25 13:45:26,56,B+R,0,False,False,False,W,-0.85,12.59,102000
2023-05-25 13:45:36,33,W+R,0,False,False,False,B,-0.85,12.5781,102000
2023-05-25 13:45:47,33,W+R,0,False,False,False,B,-0.85,12.5816,102000
2023-05-25 13:46:01,41,W+R,0,False,False,False,B,-0.85,12.542,102000
2023-05-25 13:46:11,33,W+R,0,False,False,False,B,-0.85,12.4357,102000
2023-05-25 13:46:25,55,W+R,0,False,False,False,B,-0.85,12.4716,102000
2023-05-25 13:46:47,71,W+1.5,5,True,True,False,B,-0.85,12.322,102000
2023-05-25 13:46:58,33,W+R,0,False,False,False,B,-0.85,12.2928,102000
2023-05-25 13:47:16,61,W+4.5,5,True,True,False,B,-0.85,12.3647,102000
2023-05-25 13:47:26,33,W+R,0,False,False,False,B,-0.85,12.3627,102000
2023-05-25 13:47:37,37,W+R,0,False,False,False,B,-0.85,12.37,102000
2023-05-25 13:47:53,55,W+R,0,False,False,False,B,-0.85,12.343,102000
2023-05-25 13:48:03,33,W+R,0,False,False,False,B,-0.85,12.3204,102000
2023-05-25 13:48:30,110,W+2.5,20,True,True,False,B,-0.85,12.51,102000
2023-05-25 13:48:40,33,W+R,0,False,False,False,B,-0.85,12.5453,102000
2023-05-25 13:48:49,33,W+R,0,False,False,False,B,-0.85,12.5092,102000
2023-05-25 13:49:01,33,W+R,0,False,False,False,B,-0.85,12.5586,102000
2023-05-25 13:49:10,33,W+R,0,False,False,False,B,-0.85,12.5064,102000
2023-05-25 13:49:19,33,W+R,0,False,False,False,B,-0.85,12.5071,102000
2023-05-25 13:49:29,32,B+R,0,False,False,False,W,-0.85,12.4928,102000
2023-05-25 13:49:36,36,B+R,0,False,False,False,W,-0.85,12.4874,102000
2023-05-25 13:49:55,69,W+R,5,False,False,False,B,-0.85,12.6178,102000
2023-05-25 13:50:05,33,W+R,0,False,False,False,B,-0.85,12.6108,102000
2023-05-25 13:50:30,85,W+11.5,8,True,True,False,B,-0.85,12.7508,102000
2023-05-25 13:50:40,34,B+R,0,False,False,False,W,-0.85,12.532,102000
2023-05-25 13:50:49,32,B+R,0,False,False,False,W,-0.85,12.5286,102000
2023-05-25 13:50:59,33,W+R,0,False,False,False,B,-0.85,12.3703,102000
2023-05-25 13:51:06,33,W+R,0,False,False,False,B,-0.85,12.3026,102000
2023-05-25 13:51:13,33,W+R,0,False,False,False,B,-0.85,12.3018,102000
2023-05-25 13:51:30,66,W+5.5,5,True,True,False,B,-0.85,12.3973,102000
2023-05-25 13:51:50,62,B+R,0,False,False,False,W,-0.85,12.4941,102000
2023-05-25 13:52:00,33,W+R,0,False,False,False,B,-0.85,12.4892,102000
2023-05-25 13:53:28,47,W+R,0,False,False,False,B,-0.85,12.2771,103000
2023-05-25 13:53:40,33,W+R,0,False,False,False,B,-0.85,12.2956,103000
2023-05-25 13:53:51,33,W+R,0,False,False,False,B,-0.85,12.1089,103000
2023-05-25 13:54:11,68,W+3.5,2,True,True,False,B,-0.85,12.2224,103000
2023-05-25 13:54:21,33,W+R,0,False,False,False,B,-0.85,12.2186,103000
2023-05-25 13:54:35,47,W+R,0,False,False,False,B,-0.85,12.2612,103000
2023-05-25 13:54:45,33,W+R,0,False,False,False,B,-0.85,12.2131,103000
2023-05-25 13:54:56,33,W+R,0,False,False,False,B,-0.85,12.2234,103000
2023-05-25 13:55:08,33,W+R,0,False,False,False,B,-0.85,12.2292,103000
2023-05-25 13:55:17,33,W+R,0,False,False,False,B,-0.85,12.2486,103000
2023-05-25 13:55:26,33,W+R,0,False,False,False,B,-0.85,12.2459,103000
2023-05-25 13:55:36,33,W+R,0,False,False,False,B,-0.85,12.2483,103000
2023-05-25 13:55:45,33,W+R,0,False,False,False,B,-0.85,12.2422,103000
2023-05-25 13:56:03,77,W+R,9,False,False,False,B,-0.85,12.1096,103000
2023-05-25 13:56:13,33,W+R,0,False,False,False,B,-0.85,12.1064,103000
2023-05-25 13:56:23,33,W+R,0,False,False,False,B,-0.85,12.1379,103000
2023-05-25 13:56:34,34,B+R,0,False,False,False,W,-0.85,12.0677,103000
2023-05-25 13:56:43,33,W+R,0,False,False,False,B,-0.85,12.055,103000
2023-05-25 13:56:53,33,W+R,0,False,False,False,B,-0.85,12.0366,103000
2023-05-25 13:57:06,41,W+R,0,False,False,False,B,-0.85,12.0635,103000
2023-05-25 13:57:12,32,B+R,0,False,False,False,W,-0.85,12.028,103000
2023-05-25 13:57:19,33,W+R,0,False,False,False,B,-0.85,11.9982,103000
2023-05-25 13:57:29,39,W+R,0,False,False,False,B,-0.85,11.9239,103000
2023-05-25 13:57:36,33,W+R,0,False,False,False,B,-0.85,11.9325,103000
2023-05-25 13:57:56,89,B+5.5,8,True,True,False,W,-0.85,12.0101,103000
2023-05-25 13:58:07,42,B+R,0,False,False,False,W,-0.85,11.8685,103000
2023-05-25 13:58:18,33,W+R,0,False,False,False,B,-0.85,11.8764,103000
2023-05-25 13:58:28,33,W+R,0,False,False,False,B,-0.85,11.6754,103000
2023-05-25 13:58:38,33,W+R,0,False,False,False,B,-0.85,11.6922,103000
2023-05-25 13:58:48,43,W+R,0,False,False,False,B,-0.85,11.6871,103000
2023-05-25 13:58:59,33,W+R,0,False,False,False,B,-0.85,11.4347,103000
2023-05-25 13:59:34,113,W+9.5,13,True,True,False,B,-0.85,11.7079,103000
2023-05-25 13:59:43,33,W+R,0,False,False,False,B,-0.85,11.7092,103000
2023-05-25 13:59:53,33,W+R,0,False,False,False,B,-0.85,11.743,103000
2023-05-25 14:00:15,65,W+R,1,False,False,False,B,-0.85,11.8648,103000
2023-05-25 14:00:25,33,W+R,0,False,False,False,B,-0.85,11.8872,103000
2023-05-25 14:00:35,32,B+R,0,False,False,False,W,-0.85,11.8088,103000
2023-05-25 14:00:46,33,W+R,0,False,False,False,B,-0.85,11.8178,103000
2023-05-25 14:00:55,33,W+R,0,False,False,False,B,-0.85,11.8038,103000
2023-05-25 14:01:05,33,W+R,0,False,False,False,B,-0.85,11.8014,103000
2023-05-25 14:01:24,58,B+R,0,False,False,False,W,-0.85,11.8901,103000
2023-05-25 14:01:31,33,W+R,0,False,False,False,B,-0.85,11.8091,103000
2023-05-25 14:01:37,33,W+R,0,False,False,False,B,-0.85,11.7578,103000
2023-05-25 14:01:47,33,W+R,0,False,False,False,B,-0.85,11.777,103000
2023-05-25 14:01:58,33,W+R,0,False,False,False,B,-0.85,11.7785,103000
2023-05-25 14:02:13,68,W+3.5,6,True,True,False,B,-0.85,11.8191,103000
2023-05-25 14:02:19,33,W+R,0,False,False,False,B,-0.85,11.8,103000
2023-05-25 14:02:29,33,W+R,0,False,False,False,B,-0.85,11.7262,103000
2023-05-25 14:03:57,33,W+R,0,False,False,False,B,-0.85,11.7182,104000
2023-05-25 14:04:07,33,W+R,0,False,False,False,B,-0.85,11.719,104000
2023-05-25 14:04:18,33,W+R,0,False,False,False,B,-0.85,11.7247,104000
2023-05-25 14:04:29,32,B+R,0,False,False,False,W,-0.85,11.7282,104000
2023-05-25 14:04:40,33,W+R,0,False,False,False,B,-0.85,11.7645,104000
2023-05-25 14:04:50,33,W+R,0,False,False,False,B,-0.85,11.7615,104000
2023-05-25 14:05:00,33,W+R,0,False,False,False,B,-0.85,11.7008,104000
2023-05-25 14:05:25,93,W+4.5,9,True,True,False,B,-0.85,11.8537,104000
2023-05-25 14:05:36,33,W+R,0,False,False,False,B,-0.85,11.8898,104000
2023-05-25 14:05:48,33,W+R,0,False,False,False,B,-0.85,11.9233,104000
2023-05-25 14:05:56,32,B+R,0,False,False,False,W,-0.85,11.9472,104000
2023-05-25 14:06:17,62,B+R,0,False,False,False,W,-0.85,12.0432,104000
2023-05-25 14:06:27,33,W+R,0,False,False,False,B,-0.85,12.0474,104000
2023-05-25 14:06:54,90,W+11.5,9,True,True,False,B,-0.85,12.1847,104000
2023-05-25 14:07:05,33,W+R,0,False,False,False,B,-0.85,12.0731,104000
2023-05-25 14:07:16,33,W+R,0,False,False,False,B,-0.85,12.1026,104000
2023-05-25 14:07:26,32,B+R,0,False,False,False,W,-0.85,12.0985,104000
2023-05-25 14:07:36,33,W+R,0,False,False,False,B,-0.85,12.1006,104000
2023-05-25 14:07:44,33,W+R,0,False,False,False,B,-0.85,12.021,104000
2023-05-25 14:07:52,37,W+R,0,False,False,False,B,-0.85,12.0045,104000
2023-05-25 14:08:02,33,W+R,0,False,False,False,B,-0.85,11.9929,104000
2023-05-25 14:08:13,33,W+R,0,False,False,False,B,-0.85,11.9589,104000
2023-05-25 14:08:23,35,W+R,0,False,False,False,B,-0.85,11.9671,104000
2023-05-25 14:08:33,33,W+R,0,False,False,False,B,-0.85,11.9179,104000
2023-05-25 14:08:42,33,W+R,0,False,False,False,B,-0.85,11.8013,104000
2023-05-25 14:08:56,47,W+R,0,False,False,False,B,-0.85,11.8239,104000
2023-05-25 14:09:06,33,W+R,0,False,False,False,B,-0.85,11.7442,104000
2023-05-25 14:09:16,33,W+R,0,False,False,False,B,-0.85,11.746,104000
2023-05-25 14:09:28,45,W+R,0,False,False,False,B,-0.85,11.7588,104000
2023-05-25 14:09:36,33,W+R,0,False,False,False,B,-0.85,11.6718,104000
2023-05-25 14:09:47,49,W+R,0,False,False,False,B,-0.85,11.68,104000
2023-05-25 14:09:54,33,W+R,0,False,False,False,B,-0.85,11.4849,104000
2023-05-25 14:10:00,33,W+R,0,False,False,False,B,-0.85,11.4477,104000
2023-05-25 14:10:07,33,W+R,0,False,False,False,B,-0.85,11.4165,104000
2023-05-25 14:10:25,93,W+4.5,12,True,True,False,B,-0.85,11.4901,104000
2023-05-25 14:10:36,33,W+R,0,False,False,False,B,-0.85,11.5067,104000
2023-05-25 14:10:45,33,W+R,0,False,False,False,B,-0.85,11.5042,104000
2023-05-25 14:10:56,33,W+R,0,False,False,False,B,-0.85,11.5167,104000
2023-05-25 14:11:06,33,W+R,0,False,False,False,B,-0.85,11.5461,104000
2023-05-25 14:11:16,33,W+R,0,False,False,False,B,-0.85,11.4562,104000
2023-05-25 14:11:25,33,W+R,0,False,False,False,B,-0.85,11.4477,104000
2023-05-25 14:11:52,89,W+10.5,10,True,True,False,B,-0.85,11.4611,104000
2023-05-25 14:12:01,33,W+R,0,False,False,False,B,-0.85,11.4594,104000
2023-05-25 14:12:10,33,W+R,0,False,False,False,B,-0.85,11.4534,104000
2023-05-25 14:12:20,32,B+R,0,False,False,False,W,-0.85,11.4534,104000
2023-05-25 14:12:31,33,W+R,0,False,False,False,B,-0.85,11.4937,104000
2023-05-25 14:12:41,33,W+R,0,False,False,False,B,-0.85,11.5299,104000
2023-05-25 14:12:51,33,W+R,0,False,False,False,B,-0.85,11.4601,104000
2023-05-25 14:13:09,58,B+R,0,False,False,False,W,-0.85,11.4353,104000
2023-05-25 14:14:48,33,W+R,0,False,False,False,B,-0.85,11.4955,105000
2023-05-25 14:14:56,33,W+R,0,False,False,False,B,-0.85,11.4302,105000
2023-05-25 14:15:03,32,B+R,0,False,False,False,W,-0.85,11.384,105000
2023-05-25 14:15:11,33,W+R,0,False,False,False,B,-0.85,11.3498,105000
2023-05-25 14:15:21,33,W+R,0,False,False,False,B,-0.85,11.2535,105000
2023-05-25 14:15:32,37,W+R,0,False,False,False,B,-0.85,11.27,105000
2023-05-25 14:15:43,35,W+R,0,False,False,False,B,-0.85,11.2315,105000
2023-05-25 14:15:54,33,W+R,0,False,False,False,B,-0.85,11.2387,105000
2023-05-25 14:16:29,162,W+10.5,40,True,True,False,B,-0.85,11.4843,105000
2023-05-25 14:16:40,33,W+R,0,False,False,False,B,-0.85,11.4817,105000
2023-05-25 14:16:47,32,B+R,0,False,False,False,W,-0.85,11.453,105000
2023-05-25 14:17:03,53,W+R,0,False,False,False,B,-0.85,11.5271,105000
2023-05-25 14:17:15,33,W+R,0,False,False,False,B,-0.85,11.5455,105000
2023-05-25 14:17:25,33,W+R,0,False,False,False,B,-0.85,11.5512,105000
2023-05-25 14:17:37,37,W+R,0,False,False,False,B,-0.85,11.4909,105000
2023-05-25 14:17:45,33,W+R,0,False,False,False,B,-0.85,11.4741,105000
2023-05-25 14:17:53,32,B+R,0,False,False,False,W,-0.85,11.4513,105000
2023-05-25 14:18:03,33,W+R,0,False,False,False,B,-0.85,11.449,105000
2023-05-25 14:18:13,33,W+R,0,False,False,False,B,-0.85,11.4488,105000
2023-05-25 14:18:22,33,W+R,0,False,False,False,B,-0.85,11.4419,105000
2023-05-25 14:19:01,144,W+5.5,25,True,True,False,B,-0.85,11.7018,105000
2023-05-25 14:19:10,33,W+R,0,False,False,False,B,-0.85,11.7361,105000
2023-05-25 14:19:37,109,W+1.5,19,True,True,False,B,-0.85,11.9357,105000
2023-05-25 14:20:10,162,W+9.5,29,True,True,False,B,-0.85,12.1608,105000
2023-05-25 14:20:20,33,W+R,0,False,False,False,B,-0.85,12.1963,105000
2023-05-25 14:20:31,43,W+R,0,False,False,False,B,-0.85,12.1064,105000
2023-05-25 14:20:42,33,W+R,0,False,False,False,B,-0.85,12.0976,105000
2023-05-25 14:20:52,33,W+R,0,False,False,False,B,-0.85,12.0952,105000
2023-05-25 14:21:03,33,W+R,0,False,False,False,B,-0.85,12.0991,105000
2023-05-25 14:21:13,33,W+R,0,False,False,False,B,-0.85,12.0974,105000
2023-05-25 14:21:22,33,W+R,0,False,False,False,B,-0.85,12.0996,105000
2023-05-25 14:21:30,33,W+R,0,False,False,False,B,-0.85,12.065,105000
2023-05-25 14:21:40,33,W+R,0,False,False,False,B,-0.85,11.8092,105000
2023-05-25 14:21:53,39,W+R,0,False,False,False,B,-0.85,11.8509,105000
2023-05-25 14:22:03,33,W+R,0,False,False,False,B,-0.85,11.8448,105000
2023-05-25 14:22:16,43,W+R,0,False,False,False,B,-0.85,11.7614,105000
2023-05-25 14:22:28,68,W+0.5,7,True,True,False,B,-0.85,11.7841,105000
2023-05-25 14:22:50,66,B+R,0,False,False,False,W,-0.85,11.8979,105000
2023-05-25 14:22:58,33,W+R,0,False,False,False,B,-0.85,11.877,105000
2023-05-25 14:23:07,33,W+R,0,False,False,False,B,-0.85,11.8763,105000
2023-05-25 14:23:16,33,W+R,0,False,False,False,B,-0.85,11.8662,105000
2023-05-25 14:23:24,33,W+R,0,False,False,False,B,-0.85,11.7581,105000
2023-05-25 14:23:35,33,W+R,0,False,False,False,B,-0.85,11.7878,105000
2023-05-25 14:23:45,33,W+R,0,False,False,False,B,-0.85,11.8263,105000
2023-05-25 14:25:12,33,W+R,0,False,False,False,B,-0.85,11.7939,106000
2023-05-25 14:25:23,33,W+R,0,False,False,False,B,-0.85,11.7535,106000
2023-05-25 14:25:33,33,W+R,0,False,False,False,B,-0.85,11.7838,106000
2023-05-25 14:25:44,33,W+R,0,False,False,False,B,-0.85,11.8052,106000
2023-05-25 14:25:54,33,W+R,0,False,False,False,B,-0.85,11.8214,106000
2023-05-25 14:26:06,36,B+R,0,False,False,False,W,-0.85,11.8337,106000
2023-05-25 14:26:17,33,W+R,0,False,False,False,B,-0.85,11.8368,106000
2023-05-25 14:26:26,33,W+R,0,False,False,False,B,-0.85,11.83,106000
2023-05-25 14:26:38,33,W+R,0,False,False,False,B,-0.85,11.8327,106000
2023-05-25 14:26:50,35,W+R,0,False,False,False,B,-0.85,11.8447,106000
2023-05-25 14:27:02,33,W+R,0,False,False,False,B,-0.85,11.864,106000
2023-05-25 14:27:13,33,W+R,0,False,False,False,B,-0.85,11.8724,106000
2023-05-25 14:27:23,33,W+R,0,False,False,False,B,-0.85,11.7184,106000
2023-05-25 14:27:41,63,W+R,0,False,False,False,B,-0.85,11.7938,106000
2023-05-25 14:27:51,33,W+R,0,False,False,False,B,-0.85,11.7725,106000
2023-05-25 14:27:58,33,W+R,0,False,False,False,B,-0.85,11.7518,106000
2023-05-25 14:28:05,33,W+R,0,False,False,False,B,-0.85,11.6167,106000
2023-05-25 14:28:11,33,W+R,0,False,False,False,B,-0.85,11.5829,106000
2023-05-25 14:28:22,33,W+R,0,False,False,False,B,-0.85,11.4162,106000
2023-05-25 14:28:32,33,W+R,0,False,False,False,B,-0.85,11.4024,106000
2023-05-25 14:28:40,33,W+R,0,False,False,False,B,-0.85,11.3826,106000
2023-05-25 14:28:55,50,B+R,0,False,False,False,W,-0.85,11.4353,106000
2023-05-25 14:29:24,97,B+7.5,11,True,True,False,W,-0.85,11.6254,106000
2023-05-25 14:29:33,37,W+R,0,False,False,False,B,-0.85,11.6388,106000
2023-05-25 14:29:54,75,W+R,4,False,False,False,B,-0.85,11.7567,106000
2023-05-25 14:30:05,33,W+R,0,False,False,False,B,-0.85,11.7715,106000
2023-05-25 14:30:13,33,W+R,0,False,False,False,B,-0.85,11.7435,106000
2023-05-25 14:30:23,35,W+R,0,False,False,False,B,-0.85,11.745,106000
2023-05-25 14:30:33,33,W+R,0,False,False,False,B,-0.85,11.7436,106000
2023-05-25 14:30:43,33,W+R,0,False,False,False,B,-0.85,11.7473,106000
2023-05-25 14:31:06,74,B+R,0,False,False,False,W,-0.85,11.8378,106000
2023-05-25 14:31:15,33,W+R,0,False,False,False,B,-0.85,11.8327,106000
2023-05-25 14:31:25,33,W+R,0,False,False,False,B,-0.85,11.8295,106000
2023-05-25 14:31:35,33,W+R,0,False,False,False,B,-0.85,11.8104,106000
2023-05-25 14:31:49,52,B+R,0,False,False,False,W,-0.85,11.8651,106000
2023-05-25 14:32:04,41,W+R,0,False,False,False,B,-0.85,11.9104,106000
2023-05-25 14:32:14,33,W+R,0,False,False,False,B,-0.85,11.9436,106000
2023-05-25 14:32:24,33,W+R,0,False,False,False,B,-0.85,11.9821,106000
2023-05-25 14:32:32,33,W+R,0,False,False,False,B,-0.85,11.9982,106000
2023-05-25 14:32:39,33,W+R,0,False,False,False,B,-0.85,11.8761,106000
2023-05-25 14:32:46,33,W+R,0,False,False,False,B,-0.85,11.8424,106000
2023-05-25 14:32:55,33,W+R,0,False,False,False,B,-0.85,11.8425,106000
2023-05-25 14:33:15,67,W+R,0,False,False,False,B,-0.85,11.9288,106000
2023-05-25 14:33:38,73,W+R,2,False,False,False,B,-0.85,12.0633,106000
2023-05-25 14:33:47,33,W+R,0,False,False,False,B,-0.85,12.0529,106000
2023-05-25 14:34:01,51,W+R,0,False,False,False,B,-0.85,12.0955,106000
2023-05-25 14:34:12,33,W+R,0,False,False,False,B,-0.85,11.9408,106000
2023-05-25 14:34:22,33,W+R,0,False,False,False,B,-0.85,11.9485,106000
2023-05-25 14:35:50,33,W+R,0,False,False,False,B,-0.85,11.9614,107000
2023-05-25 14:36:01,37,W+R,0,False,False,False,B,-0.85,11.973,107000
2023-05-25 14:36:11,33,W+R,0,False,False,False,B,-0.85,11.9671,107000
2023-05-25 14:36:27,52,B+R,0,False,False,False,W,-0.85,12.0272,107000
2023-05-25 14:36:37,33,W+R,0,False,False,False,B,-0.85,11.9496,107000
2023-05-25 14:36:48,33,W+R,0,False,False,False,B,-0.85,11.9341,107000
2023-05-25 14:36:57,32,B+R,0,False,False,False,W,-0.85,11.9156,107000
2023-05-25 14:37:06,33,W+R,0,False,False,False,B,-0.85,11.9223,107000
2023-05-25 14:37:16,50,B+R,0,False,False,False,W,-0.85,11.9453,107000
2023-05-25 14:37:25,32,B+R,0,False,False,False,W,-0.85,11.9637,107000
2023-05-25 14:37:42,56,B+R,1,False,False,False,W,-0.85,12.0274,107000
2023-05-25 14:37:51,33,W+R,0,False,False,False,B,-0.85,12.0116,107000
2023-05-25 14:38:11,67,W+R,0,False,False,False,B,-0.85,12.1051,107000
2023-05-25 14:38:17,33,W+R,0,False,False,False,B,-0.85,12.0609,107000
2023-05-25 14:38:30,48,B+R,0,False,False,False,W,-0.85,11.8321,107000
2023-05-25 14:38:40,33,W+R,0,False,False,False,B,-0.85,11.8144,107000
2023-05-25 14:38:51,33,W+R,0,False,False,False,B,-0.85,11.8574,107000
2023-05-25 14:39:01,32,B+R,0,False,False,False,W,-0.85,11.7986,107000
2023-05-25 14:39:13,52,B+R,0,False,False,False,W,-0.85,11.8059,107000
2023-05-25 14:39:24,33,W+R,0,False,False,False,B,-0.85,11.8052,107000
2023-05-25 14:39:34,38,B+R,0,False,False,False,W,-0.85,11.7958,107000
2023-05-25 14:39:44,33,W+R,0,False,False,False,B,-0.85,11.8168,107000
2023-05-25 14:39:58,45,W+R,0,False,False,False,B,-0.85,11.8772,107000
2023-05-25 14:40:10,40,B+R,0,False,False,False,W,-0.85,11.8896,107000
2023-05-25 14:40:19,33,W+R,0,False,False,False,B,-0.85,11.8881,107000
2023-05-25 14:40:29,33,W+R,0,False,False,False,B,-0.85,11.8997,107000
2023-05-25 14:40:40,33,W+R,0,False,False,False,B,-0.85,11.6124,107000
2023-05-25 14:40:59,68,W+2.5,4,True,True,False,B,-0.85,11.7111,107000
2023-05-25 14:41:08,33,W+R,0,False,False,False,B,-0.85,11.5279,107000
2023-05-25 14:41:18,33,W+R,0,False,False,False,B,-0.85,11.3082,107000
2023-05-25 14:41:31,41,W+R,0,False,False,False,B,-0.85,11.3279,107000
2023-05-25 14:41:43,33,W+R,0,False,False,False,B,-0.85,11.3349,107000
2023-05-25 14:41:53,33,W+R,0,False,False,False,B,-0.85,11.3345,107000
2023-05-25 14:42:22,95,B+1.5,2,True,True,False,W,-0.85,11.5259,107000
2023-05-25 14:42:33,33,W+R,0,False,False,False,B,-0.85,11.5264,107000
2023-05-25 14:42:43,33,W+R,0,False,False,False,B,-0.85,11.5239,107000
2023-05-25 14:42:52,33,W+R,0,False,False,False,B,-0.85,11.5145,107000
2023-05-25 14:42:58,33,W+R,0,False,False,False,B,-0.85,11.5029,107000
2023-05-25 14:43:09,38,B+R,0,False,False,False,W,-0.85,11.518,107000
2023-05-25 14:43:22,41,W+R,0,False,False,False,B,-0.85,11.5127,107000
2023-05-25 14:43:31,33,W+R,0,False,False,False,B,-0.85,11.5093,107000
2023-05-25 14:43:44,42,W+11.5,2,True,True,False,B,-0.85,11.5099,107000
2023-05-25 14:43:56,37,W+R,0,False,False,False,B,-0.85,11.495,107000
2023-05-25 14:44:05,32,B+R,0,False,False,False,W,-0.85,11.3772,107000
2023-05-25 14:44:16,33,W+R,0,False,False,False,B,-0.85,11.3971,107000
2023-05-25 14:44:31,47,W+R,0,False,False,False,B,-0.85,11.4623,107000
2023-05-25 14:44:40,33,W+R,0,False,False,False,B,-0.85,11.4597,107000
2023-05-25 14:46:11,33,W+R,0,False,False,False,B,-0.85,11.4729,108000
2023-05-25 14:46:21,33,W+R,0,False,False,False,B,-0.85,11.4745,108000
2023-05-25 14:46:32,33,W+R,0,False,False,False,B,-0.85,11.5077,108000
2023-05-25 14:46:42,33,W+R,0,False,False,False,B,-0.85,11.5125,108000
2023-05-25 14:46:52,33,W+R,0,False,False,False,B,-0.85,11.5065,108000
2023-05-25 14:47:03,33,W+R,0,False,False,False,B,-0.85,11.5125,108000
2023-05-25 14:47:24,66,B+R,1,False,False,False,W,-0.85,11.6083,108000
2023-05-25 14:47:34,33,W+R,0,False,False,False,B,-0.85,11.6018,108000
2023-05-25 14:47:44,33,W+R,0,False,False,False,B,-0.85,11.5914,108000
2023-05-25 14:47:53,33,W+R,0,False,False,False,B,-0.85,11.5794,108000
2023-05-25 14:48:03,33,W+R,0,False,False,False,B,-0.85,11.5732,108000
2023-05-25 14:48:13,33,W+R,0,False,False,False,B,-0.85,11.5651,108000
2023-05-25 14:48:27,40,B+R,0,False,False,False,W,-0.85,11.5771,108000
2023-05-25 14:48:38,33,W+R,0,False,False,False,B,-0.85,11.564,108000
2023-05-25 14:48:44,33,W+R,0,False,False,False,B,-0.85,11.5232,108000
2023-05-25 14:48:53,33,W+R,0,False,False,False,B,-0.85,11.5138,108000
2023-05-25 14:49:03,33,W+R,0,False,False,False,B,-0.85,11.4235,108000
2023-05-25 14:49:13,33,W+R,0,False,False,False,B,-0.85,11.432,108000
2023-05-25 14:49:37,80,B+R,1,False,False,False,W,-0.85,11.6045,108000
2023-05-25 14:49:47,33,W+R,0,False,False,False,B,-0.85,11.6314,108000
2023-05-25 14:49:57,33,W+R,0,False,False,False,B,-0.85,11.6731,108000
2023-05-25 14:50:08,33,W+R,0,False,False,False,B,-0.85,11.6744,108000
2023-05-25 14:50:18,33,W+R,0,False,False,False,B,-0.85,11.6784,108000
2023-05-25 14:50:28,32,B+R,0,False,False,False,W,-0.85,11.697,108000
2023-05-25 14:50:39,33,W+R,0,False,False,False,B,-0.85,11.647,108000
2023-05-25 14:51:03,95,W+1.5,17,True,True,False,B,-0.85,11.6016,108000
2023-05-25 14:51:14,33,W+R,0,False,False,False,B,-0.85,11.6141,108000
2023-05-25 14:51:26,40,B+R,0,False,False,False,W,-0.85,11.5321,108000
2023-05-25 14:51:51,74,B+R,0,False,False,False,W,-0.85,11.6722,108000
2023-05-25 14:52:08,63,W+R,0,False,False,False,B,-0.85,11.7621,108000
2023-05-25 14:52:20,41,W+R,0,False,False,False,B,-0.85,11.7825,108000
2023-05-25 14:52:28,33,W+R,0,False,False,False,B,-0.85,11.766,108000
2023-05-25 14:52:48,66,B+R,2,False,False,False,W,-0.85,11.863,108000
2023-05-25 14:52:59,32,B+R,0,False,False,False,W,-0.85,11.7408,108000
2023-05-25 14:53:27,77,W+R,0,False,False,False,B,-0.85,11.9327,108000
2023-05-25 14:53:37,33,W+R,0,False,False,False,B,-0.85,11.9323,108000
2023-05-25 14:53:48,33,W+R,0,False,False,False,B,-0.85,11.9413,108000
2023-05-25 14:53:57,33,W+R,0,False,False,False,B,-0.85,11.8926,108000
2023-05-25 14:54:24,82,B+1.5,5,True,True,True,B,-0.85,12.0138,108000
2023-05-25 14:54:40,50,B+R,0,False,False,False,W,-0.85,12.0686,108000
2023-05-25 14:54:54,47,W+R,0,False,False,False,B,-0.85,12.1055,108000
2023-05-25 14:55:03,33,W+R,0,False,False,False,B,-0.85,12.1207,108000
2023-05-25 14:55:13,33,W+R,0,False,False,False,B,-0.85,12.1518,108000
2023-05-25 14:55:22,33,W+R,0,False,False,False,B,-0.85,12.1672,108000
2023-05-25 14:55:33,37,W+R,0,False,False,False,B,-0.85,12.1849,108000
2023-05-25 14:57:29,79,W+R,0,False,False,False,B,-0.85,12.2302,109000
2023-05-25 14:57:40,33,W+R,0,False,False,False,B,-0.85,12.246,109000
2023-05-25 14:57:50,36,B+R,0,False,False,False,W,-0.85,12.2047,109000
2023-05-25 14:58:00,33,W+R,0,False,False,False,B,-0.85,12.2054,109000
2023-05-25 14:58:20,69,W+R,0,False,False,False,B,-0.85,12.3026,109000
2023-05-25 14:58:29,32,B+R,0,False,False,False,W,-0.85,12.2923,109000
2023-05-25 14:58:40,33,W+R,0,False,False,False,B,-0.85,12.2995,109000
2023-05-25 14:58:51,33,W+R,0,False,False,False,B,-0.85,12.2902,109000
2023-05-25 14:59:01,33,W+R,0,False,False,False,B,-0.85,12.2896,109000
2023-05-25 14:59:12,35,W+R,0,False,False,False,B,-0.85,12.2396,109000
2023-05-25 14:59:23,33,W+R,0,False,False,False,B,-0.85,12.2498,109000
2023-05-25 14:59:32,33,W+R,0,False,False,False,B,-0.85,12.2348,109000
2023-05-25 14:59:41,33,W+R,0,False,False,False,B,-0.85,12.2308,109000
2023-05-25 14:59:58,66,W+0.5,4,True,True,False,B,-0.85,12.3172,109000
2023-05-25 15:00:08,33,W+R,0,False,False,False,B,-0.85,12.3147,109000
2023-05-25 15:00:19,33,W+R,0,False,False,False,B,-0.85,12.328,109000
2023-05-25 15:00:27,33,W+R,0,False,False,False,B,-0.85,12.2468,109000
2023-05-25 15:01:09,162,W+8.5,28,True,True,False,B,-0.85,12.5657,109000
2023-05-25 15:01:16,33,W+R,0,False,False,False,B,-0.85,12.447,109000
2023-05-25 15:01:48,129,W+6.5,26,True,True,False,B,-0.85,12.6955,109000
2023-05-25 15:02:08,70,B+R,3,False,False,False,W,-0.85,12.7749,109000
2023-05-25 15:02:18,33,W+R,0,False,False,False,B,-0.85,12.7811,109000
2023-05-25 15:02:28,33,W+R,0,False,False,False,B,-0.85,12.7671,109000
2023-05-25 15:02:39,32,B+R,0,False,False,False,W,-0.85,12.771,109000
2023-05-25 15:02:49,33,W+R,0,False,False,False,B,-0.85,12.7456,109000
2023-05-25 15:03:03,46,B+R,0,False,False,False,W,-0.85,12.7935,109000
2023-05-25 15:03:20,54,W+2.5,3,True,True,False,B,-0.85,12.8462,109000
2023-05-25 15:03:31,37,W+R,0,False,False,False,B,-0.85,12.8584,109000
2023-05-25 15:03:40,33,W+R,0,False,False,False,B,-0.85,12.8097,109000
2023-05-25 15:04:04,66,B+R,0,False,False,False,W,-0.85,12.9315,109000
2023-05-25 15:04:14,33,W+R,0,False,False,False,B,-0.85,12.9417,109000
2023-05-25 15:04:23,32,B+R,0,False,False,False,W,-0.85,12.9316,109000
2023-05-25 15:04:33,35,W+R,0,False,False,False,B,-0.85,12.9312,109000
2023-05-25 15:04:44,33,W+R,0,False,False,False,B,-0.85,12.8382,109000
2023-05-25 15:05:05,62,B+R,0,False,False,False,W,-0.85,12.9602,109000
2023-05-25 15:05:26,67,W+19.5,3,True,True,False,B,-0.85,13.0677,109000
2023-05-25 15:05:37,32,B+R,0,False,False,False,W,-0.85,13.0525,109000
2023-05-25 15:05:53,54,B+R,11,False,False,False,W,-0.85,13.0995,109000
2023-05-25 15:06:04,33,W+R,0,False,False,False,B,-0.85,13.1052,109000
2023-05-25 15:06:14,33,W+R,0,False,False,False,B,-0.85,12.9109,109000
2023-05-25 15:07:53,33,W+R,0,False,False,False,B,-0.85,13.103,110000
2023-05-25 15:08:03,32,B+R,0,False,False,False,W,-0.85,13.1146,110000
2023-05-25 15:08:12,33,W+R,0,False,False,False,B,-0.85,13.141,110000
2023-05-25 15:08:40,99,W+1.5,16,True,True,False,B,-0.85,13.3139,110000
2023-05-25 15:08:48,33,W+R,0,False,False,False,B,-0.85,13.265,110000
2023-05-25 15:08:58,33,W+R,0,False,False,False,B,-0.85,13.2689,110000
2023-05-25 15:09:17,66,B+R,1,False,False,False,W,-0.85,13.3353,110000
2023-05-25 15:09:27,33,W+R,0,False,False,False,B,-0.85,13.3177,110000
2023-05-25 15:09:37,33,W+R,0,False,False,False,B,-0.85,13.3277,110000
2023-05-25 15:10:07,90,W+1.5,9,True,True,False,B,-0.85,13.5224,110000
2023-05-25 15:10:17,33,W+R,0,False,False,False,B,-0.85,13.4594,110000
2023-05-25 15:10:34,75,W+R,1,False,False,False,B,-0.85,13.5423,110000
2023-05-25 15:10:41,33,W+R,0,False,False,False,B,-0.85,13.5138,110000
2023-05-25 15:10:50,33,W+R,0,False,False,False,B,-0.85,13.5056,110000
2023-05-25 15:11:22,122,B+2.5,15,True,True,False,W,-0.85,13.7217,110000
2023-05-25 15:11:32,33,W+R,0,False,False,False,B,-0.85,13.7143,110000
2023-05-25 15:11:41,32,B+R,0,False,False,False,W,-0.85,13.7033,110000
2023-05-25 15:12:17,159,W+0.5,39,True,True,False,B,-0.85,13.9639,110000
2023-05-25 15:12:27,33,W+R,0,False,False,False,B,-0.85,13.9604,110000
2023-05-25 15:12:37,33,W+R,0,False,False,False,B,-0.85,13.8484,110000
2023-05-25 15:12:47,33,W+R,0,False,False,False,B,-0.85,13.8482,110000
2023-05-25 15:13:05,62,W+0.5,3,False,False,False,,-0.85,13.9274,110000
2023-05-25 15:13:16,38,B+R,0,False,False,False,W,-0.85,13.9399,110000
2023-05-25 15:13:26,33,W+R,0,False,False,False,B,-0.85,13.9456,110000
2023-05-25 15:13:55,98,B+2.5,10,True,True,False,W,-0.85,14.134,110000
2023-05-25 15:14:05,33,W+R,0,False,False,False,B,-0.85,14.0942,110000
2023-05-25 15:14:19,50,B+R,0,False,False,False,W,-0.85,14.1286,110000
2023-05-25 15:14:31,41,W+R,0,False,False,False,B,-0.85,14.1859,110000
2023-05-25 15:14:43,39,W+R,0,False,False,False,B,-0.85,14.2077,110000
2023-05-25 15:14:53,33,W+R,0,False,False,False,B,-0.85,14.2165,110000
2023-05-25 15:15:04,33,W+R,0,False,False,False,B,-0.85,14.2276,110000
2023-05-25 15:15:14,33,W+R,0,False,False,False,B,-0.85,14.0905,110000
2023-05-25 15:15:46,100,B+R,17,False,False,False,W,-0.85,14.3017,110000
2023-05-25 15:15:56,33,W+R,0,False,False,False,B,-0.85,14.3031,110000
2023-05-25 15:16:06,33,W+R,0,False,False,False,B,-0.85,14.292,110000
2023-05-25 15:16:15,33,W+R,0,False,False,False,B,-0.85,14.2793,110000
2023-05-25 15:16:31,52,B+R,0,False,False,False,W,-0.85,14.3369,110000
2023-05-25 15:18:27,33,W+R,0,False,False,False,B,-0.85,14.4741,111000
2023-05-25 15:18:37,33,W+R,0,False,False,False,B,-0.85,14.4739,111000
2023-05-25 15:18:48,33,W+R,0,False,False,False,B,-0.85,14.4561,111000
2023-05-25 15:19:05,50,B+R,0,False,False,False,W,-0.85,14.3792,111000
2023-05-25 15:19:19,44,B+R,0,False,False,False,W,-0.85,14.3501,111000
2023-05-25 15:19:29,33,W+R,0,False,False,False,B,-0.85,14.3205,111000
2023-05-25 15:19:38,33,W+R,0,False,False,False,B,-0.85,14.3351,111000
2023-05-25 15:19:49,33,W+R,0,False,False,False,B,-0.85,14.2423,111000
2023-05-25 15:20:06,59,W+R,0,False,False,False,B,-0.85,14.3128,111000
2023-05-25 15:20:17,35,W+R,0,False,False,False,B,-0.85,14.1293,111000
2023-05-25 15:20:48,103,B+2.5,9,True,True,False,W,-0.85,14.3439,111000
2023-05-25 15:20:58,33,W+R,0,False,False,False,B,-0.85,14.3391,111000
2023-05-25 15:21:08,33,W+R,0,False,False,False,B,-0.85,14.3493,111000
2023-05-25 15:21:19,33,W+R,0,False,False,False,B,-0.85,14.1855,111000
2023-05-25 15:21:29,33,W+R,0,False,False,False,B,-0.85,14.1276,111000
2023-05-25 15:21:38,33,W+R,0,False,False,False,B,-0.85,14.0774,111000
2023-05-25 15:22:00,162,W+24.5,28,True,True,False,B,-0.85,14.2034,111000
2023-05-25 15:22:18,60,B+R,2,False,False,False,W,-0.85,14.2868,111000
2023-05-25 15:22:57,153,W+6.5,36,True,True,False,B,-0.85,14.5896,111000
2023-05-25 15:23:08,33,W+R,0,False,False,False,B,-0.85,14.5912,111000
2023-05-25 15:23:17,33,W+R,0,False,False,False,B,-0.85,14.4914,111000
2023-05-25 15:23:27,33,W+R,0,False,False,False,B,-0.85,14.3064,111000
2023-05-25 15:23:46,76,W+8.5,7,True,True,False,B,-0.85,14.3956,111000
2023-05-25 15:24:07,68,B+R,0,False,False,False,W,-0.85,14.5033,111000
2023-05-25 15:24:17,33,W+R,0,False,False,False,B,-0.85,14.4939,111000
2023-05-25 15:24:27,33,W+R,0,False,False,False,B,-0.85,14.3945,111000
2023-05-25 15:24:33,33,W+R,0,False,False,False,B,-0.85,14.3704,111000
2023-05-25 15:24:40,33,W+R,0,False,False,False,B,-0.85,14.3282,111000
2023-05-25 15:24:49,47,W+R,0,False,False,False,B,-0.85,14.3068,111000
2023-05-25 15:25:02,59,W+0.5,2,True,True,False,B,-0.85,14.3425,111000
2023-05-25 15:25:21,91,W+0.5,10,True,True,False,B,-0.85,14.4249,111000
2023-05-25 15:25:31,33,W+R,0,False,False,False,B,-0.85,14.4126,111000
2023-05-25 15:25:43,41,W+R,0,False,False,False,B,-0.85,14.4442,111000
2023-05-25 15:25:51,32,B+R,0,False,False,False,W,-0.85,14.4329,111000
2023-05-25 15:26:00,33,W+R,0,False,False,False,B,-0.85,14.3481,111000
2023-05-25 15:26:10,33,W+R,0,False,False,False,B,-0.85,14.3515,111000
2023-05-25 15:26:20,33,W+R,0,False,False,False,B,-0.85,14.3415,111000
2023-05-25 15:26:30,33,W+R,0,False,False,False,B,-0.85,14.3547,111000
2023-05-25 15:26:40,33,W+R,0,False,False,False,B,-0.85,14.0461,111000
2023-05-25 15:27:04,70,B+R,5,False,False,False,W,-0.85,14.2027,111000
2023-05-25 15:27:14,33,W+R,0,False,False,False,B,-0.85,13.9979,111000
2023-05-25 15:27:29,60,B+R,0,False,False,False,W,-0.85,13.9424,111000
2023-05-25 15:27:36,33,W+R,0,False,False,False,B,-0.85,13.9104,111000
2023-05-25 15:29:02,33,W+R,0,False,False,False,B,-0.85,13.9409,112000
2023-05-25 15:29:11,33,W+R,0,False,False,False,B,-0.85,13.9304,112000
2023-05-25 15:29:19,32,B+R,0,False,False,False,W,-0.85,13.8655,112000
2023-05-25 15:29:37,61,W+R,0,False,False,False,B,-0.85,13.8861,112000
2023-05-25 15:29:47,33,W+R,0,False,False,False,B,-0.85,13.8709,112000
2023-05-25 15:30:24,162,W+8.5,32,True,True,False,B,-0.85,14.1525,112000
2023-05-25 15:30:34,33,W+R,0,False,False,False,B,-0.85,14.0075,112000
2023-05-25 15:31:11,161,B+1.5,21,True,True,False,W,-0.85,14.2767,112000
2023-05-25 15:31:17,33,W+R,0,False,False,False,B,-0.85,14.2476,112000
2023-05-25 15:31:29,45,W+R,0,False,False,False,B,-0.85,14.2614,112000
2023-05-25 15:31:40,33,W+R,0,False,False,False,B,-0.85,14.264,112000
2023-05-25 15:32:05,96,W+3.5,9,True,True,False,B,-0.85,14.3135,112000
2023-05-25 15:32:14,32,B+R,0,False,False,False,W,-0.85,14.1904,112000
2023-05-25 15:32:25,33,W+R,0,False,False,False,B,-0.85,14.1858,112000
2023-05-25 15:32:35,32,B+R,0,False,False,False,W,-0.85,14.1232,112000
2023-05-25 15:32:45,33,W+R,0,False,False,False,B,-0.85,14.1141,112000
2023-05-25 15:33:04,73,W+2.5,5,True,True,False,B,-0.85,14.2041,112000
2023-05-25 15:33:12,35,W+R,0,False,False,False,B,-0.85,13.9922,112000
2023-05-25 15:33:19,33,W+R,0,False,False,False,B,-0.85,13.9578,112000
2023-05-25 15:33:34,55,W+R,0,False,False,False,B,-0.85,14.0099,112000
2023-05-25 15:33:44,35,W+R,0,False,False,False,B,-0.85,14.0195,112000
2023-05-25 15:33:54,33,W+R,0,False,False,False,B,-0.85,13.8395,112000
2023-05-25 15:34:05,32,B+R,0,False,False,False,W,-0.85,13.8609,112000
2023-05-25 15:34:14,32,B+R,0,False,False,False,W,-0.85,13.8569,112000
2023-05-25 15:34:21,33,W+R,0,False,False,False,B,-0.85,13.728,112000
2023-05-25 15:34:27,33,W+R,0,False,False,False,B,-0.85,13.697,112000
2023-05-25 15:34:33,32,B+R,0,False,False,False,W,-0.85,13.6478,112000
2023-05-25 15:34:41,35,W+R,0,False,False,False,B,-0.85,13.434,112000
2023-05-25 15:34:51,33,W+R,0,False,False,False,B,-0.85,13.4407,112000
2023-05-25 15:35:02,33,W+R,0,False,False,False,B,-0.85,13.376,112000
2023-05-25 15:35:11,33,W+R,0,False,False,False,B,-0.85,13.3958,112000
2023-05-25 15:35:32,67,W+R,1,False,False,False,B,-0.85,13.5202,112000
2023-05-25 15:35:44,35,W+R,0,False,False,False,B,-0.85,13.3185,112000
2023-05-25 15:35:54,33,W+R,0,False,False,False,B,-0.85,13.3241,112000
2023-05-25 15:36:06,39,W+R,0,False,False,False,B,-0.85,13.3436,112000
2023-05-25 15:36:16,33,W+R,0,False,False,False,B,-0.85,13.0823,112000
2023-05-25 15:36:26,33,W+R,0,False,False,False,B,-0.85,13.0846,112000
2023-05-25 15:36:46,68,B+1.5,7,True,True,False,W,-0.85,13.1873,112000
2023-05-25 15:36:55,33,W+R,0,False,False,False,B,-0.85,13.1836,112000
2023-05-25 15:37:06,33,W+R,0,False,False,False,B,-0.85,13.1054,112000
2023-05-25 15:37:15,33,W+R,0,False,False,False,B,-0.85,13.0918,112000
2023-05-25 15:37:25,33,W+R,0,False,False,False,B,-0.85,13.0948,112000
2023-05-25 15:37:34,33,W+R,0,False,False,False,B,-0.85,12.8879,112000
2023-05-25 15:37:41,33,W+R,0,False,False,False,B,-0.85,12.8552,112000
2023-05-25 15:37:48,33,W+R,0,False,False,False,B,-0.85,12.7915,112000
2023-05-25 15:39:16,33,W+R,0,False,False,False,B,-0.85,12.7344,113000
2023-05-25 15:39:33,49,W+R,0,False,False,False,B,-0.85,12.7958,113000
2023-05-25 15:39:41,33,W+R,0,False,False,False,B,-0.85,12.7682,113000
2023-05-25 15:39:50,33,W+R,0,False,False,False,B,-0.85,12.7518,113000
2023-05-25 15:39:59,33,W+R,0,False,False,False,B,-0.85,12.5269,113000
2023-05-25 15:40:21,98,W+3.5,15,True,True,False,B,-0.85,12.6415,113000
2023-05-25 15:40:32,33,W+R,0,False,False,False,B,-0.85,12.6533,113000
2023-05-25 15:40:41,33,W+R,0,False,False,False,B,-0.85,12.664,113000
2023-05-25 15:40:52,33,W+R,0,False,False,False,B,-0.85,12.6061,113000
2023-05-25 15:41:20,97,W+0.5,15,True,True,False,B,-0.85,12.5177,113000
2023-05-25 15:41:30,33,W+R,0,False,False,False,B,-0.85,12.5091,113000
2023-05-25 15:41:41,33,W+R,0,False,False,False,B,-0.85,12.5064,113000
2023-05-25 15:42:04,67,W+R,1,False,False,False,B,-0.85,12.6331,113000
2023-05-25 15:42:14,33,W+R,0,False,False,False,B,-0.85,12.5668,113000
2023-05-25 15:42:38,69,B+0.5,4,False,False,False,,-0.85,12.6638,113000
2023-05-25 15:42:49,37,W+R,0,False,False,False,B,-0.85,12.6834,113000
2023-05-25 15:43:08,58,B+R,0,False,False,False,W,-0.85,12.776,113000
2023-05-25 15:43:18,33,W+R,0,False,False,False,B,-0.85,12.7711,113000
2023-05-25 15:43:29,33,W+R,0,False,False,False,B,-0.85,12.708,113000
2023-05-25 15:43:54,70,B+R,0,False,False,False,W,-0.85,12.8527,113000
2023-05-25 15:44:15,66,B+1.5,3,True,True,False,W,-0.85,12.7462,113000
2023-05-25 15:44:29,47,W+R,0,False,False,False,B,-0.85,12.7835,113000
2023-05-25 15:44:37,33,W+R,0,False,False,False,B,-0.85,12.7687,113000
2023-05-25 15:44:46,33,W+R,0,False,False,False,B,-0.85,12.7526,113000
2023-05-25 15:44:55,33,W+R,0,False,False,False,B,-0.85,12.7371,113000
2023-05-25 15:45:10,43,W+R,0,False,False,False,B,-0.85,12.8011,113000
2023-05-25 15:45:19,33,W+R,0,False,False,False,B,-0.85,12.6675,113000
2023-05-25 15:45:30,33,W+R,0,False,False,False,B,-0.85,12.5988,113000
2023-05-25 15:45:56,75,W+R,2,False,False,False,B,-0.85,12.4681,113000
2023-05-25 15:46:09,43,W+14.5,2,True,True,False,B,-0.85,12.4816,113000
2023-05-25 15:46:21,35,W+R,0,False,False,False,B,-0.85,12.5199,113000
2023-05-25 15:46:34,43,W+R,0,False,False,False,B,-0.85,12.5513,113000
2023-05-25 15:46:52,57,W+R,0,False,False,False,B,-0.85,12.5304,113000
2023-05-25 15:47:03,35,W+R,0,False,False,False,B,-0.85,12.4324,113000
2023-05-25 15:47:16,39,W+R,0,False,False,False,B,-0.85,12.4623,113000
2023-05-25 15:47:25,33,W+R,0,False,False,False,B,-0.85,12.4564,113000
2023-05-25 15:47:36,33,W+R,0,False,False,False,B,-0.85,12.4996,113000
2023-05-25 15:47:51,51,W+R,0,False,False,False,B,-0.85,12.5874,113000
2023-05-25 15:48:02,33,W+R,0,False,False,False,B,-0.85,12.6122,113000
2023-05-25 15:48:19,49,W+R,0,False,False,False,B,-0.85,12.6387,113000
2023-05-25 15:48:40,63,W+R,0,False,False,False,B,-0.85,12.664,113000
2023-05-25 15:48:54,51,W+R,0,False,False,False,B,-0.85,12.7023,113000
2023-05-25 15:50:21,33,W+R,0,False,False,False,B,-0.85,12.712,114000
2023-05-25 15:50:41,80,B+R,0,False,False,False,W,-0.85,12.8244,114000
2023-05-25 15:50:51,45,W+R,0,False,False,False,B,-0.85,12.8271,114000
2023-05-25 15:51:19,105,W+R,12,False,False,False,B,-0.85,13.0093,114000
2023-05-25 15:51:26,33,W+R,0,False,False,False,B,-0.85,12.9798,114000
2023-05-25 15:51:46,82,W+0.5,7,True,True,False,B,-0.85,13.0761,114000
2023-05-25 15:51:56,33,W+R,0,False,False,False,B,-0.85,12.9447,114000
2023-05-25 15:52:07,33,W+R,0,False,False,False,B,-0.85,12.9415,114000
2023-05-25 15:52:17,33,W+R,0,False,False,False,B,-0.85,12.8949,114000
2023-05-25 15:52:28,33,W+R,0,False,False,False,B,-0.85,12.9299,114000
2023-05-25 15:52:38,33,W+R,0,False,False,False,B,-0.85,12.9001,114000
2023-05-25 15:52:57,63,W+R,4,False,False,False,B,-0.85,12.9925,114000
2023-05-25 15:53:05,33,W+R,0,False,False,False,B,-0.85,12.9794,114000
2023-05-25 15:53:12,33,W+R,0,False,False,False,B,-0.85,12.9621,114000
2023-05-25 15:53:25,42,B+R,0,False,False,False,W,-0.85,12.9104,114000
2023-05-25 15:53:35,33,W+R,0,False,False,False,B,-0.85,12.9163,114000
2023-05-25 15:53:45,33,W+R,0,False,False,False,B,-0.85,12.6433,114000
2023-05-25 15:53:55,33,W+R,0,False,False,False,B,-0.85,12.6521,114000
2023-05-25 15:54:04,33,W+R,0,False,False,False,B,-0.85,12.3644,114000
2023-05-25 15:54:19,56,B+R,0,False,False,False,W,-0.85,12.456,114000
2023-05-25 15:54:36,63,B+1.5,4,True,True,False,W,-0.85,12.5076,114000
2023-05-25 15:54:45,33,W+R,0,False,False,False,B,-0.85,12.4928,114000
2023-05-25 15:54:54,33,W+R,0,False,False,False,B,-0.85,12.329,114000
2023-05-25 15:55:13,66,B+R,1,False,False,False,W,-0.85,12.4252,114000
2023-05-25 15:55:22,33,W+R,0,False,False,False,B,-0.85,12.4158,114000
2023-05-25 15:55:37,53,W+R,1,False,False,False,B,-0.85,12.4604,114000
2023-05-25 15:55:46,33,W+R,0,False,False,False,B,-0.85,12.4573,114000
2023-05-25 15:55:57,33,W+R,0,False,False,False,B,-0.85,12.369,114000
2023-05-25 15:56:06,33,W+R,0,False,False,False,B,-0.85,12.3757,114000
2023-05-25 15:56:14,32,B+R,0,False,False,False,W,-0.85,12.3924,114000
2023-05-25 15:56:24,32,B+R,0,False,False,False,W,-0.85,12.3353,114000
2023-05-25 15:56:32,33,W+R,0,False,False,False,B,-0.85,12.3198,114000
2023-05-25 15:56:42,33,W+R,0,False,False,False,B,-0.85,12.3103,114000
2023-05-25 15:56:50,33,W+R,0,False,False,False,B,-0.85,12.2937,114000
2023-05-25 15:57:05,52,B+R,0,False,False,False,W,-0.85,12.3539,114000
2023-05-25 15:57:19,46,B+R,0,False,False,False,W,-0.85,12.4253,114000
2023-05-25 15:57:28,33,W+R,0,False,False,False,B,-0.85,12.4532,114000
2023-05-25 15:57:36,33,W+R,0,False,False,False,B,-0.85,12.4692,114000
2023-05-25 15:57:45,32,B+R,0,False,False,False,W,-0.85,12.4727,114000
2023-05-25 15:57:58,54,B+R,0,False,False,False,W,-0.85,12.5118,114000
2023-05-25 15:58:09,33,W+R,0,False,False,False,B,-0.85,12.5118,114000
2023-05-25 15:58:20,33,W+R,0,False,False,False,B,-0.85,12.5346,114000
2023-05-25 15:58:31,33,W+R,0,False,False,False,B,-0.85,12.4275,114000
2023-05-25 15:58:40,32,B+R,0,False,False,False,W,-0.85,12.3997,114000
2023-05-25 15:58:53,46,B+R,0,False,False,False,W,-0.85,12.427,114000
2023-05-25 15:59:03,33,W+R,0,False,False,False,B,-0.85,12.4174,114000
2023-05-25 15:59:14,33,W+R,0,False,False,False,B,-0.85,12.4217,114000
2023-05-25 16:00:56,84,W+4.5,10,True,True,False,B,-0.85,12.494,115000
2023-05-25 16:01:03,33,W+R,0,False,False,False,B,-0.85,12.4657,115000
2023-05-25 16:01:13,33,W+R,0,False,False,False,B,-0.85,12.459,115000
2023-05-25 16:01:36,80,B+R,0,False,False,False,W,-0.85,12.5997,115000
2023-05-25 16:01:47,33,W+R,0,False,False,False,B,-0.85,12.6035,115000
2023-05-25 16:01:54,33,W+R,0,False,False,False,B,-0.85,12.5964,115000
2023-05-25 16:02:01,33,W+R,0,False,False,False,B,-0.85,12.5981,115000
2023-05-25 16:02:10,33,W+R,0,False,False,False,B,-0.85,12.6094,115000
2023-05-25 16:02:21,38,B+R,0,False,False,False,W,-0.85,12.6295,115000
2023-05-25 16:02:50,80,B+R,5,False,False,False,W,-0.85,12.8245,115000
2023-05-25 16:02:58,33,W+R,0,False,False,False,B,-0.85,12.7492,115000
2023-05-25 16:03:16,64,B+R,0,False,False,False,W,-0.85,12.8448,115000
2023-05-25 16:03:27,33,W+R,0,False,False,False,B,-0.85,12.863,115000
2023-05-25 16:03:37,33,W+R,0,False,False,False,B,-0.85,12.8785,115000
2023-05-25 16:04:01,72,B+R,0,False,False,False,W,-0.85,12.9008,115000
2023-05-25 16:04:12,32,B+R,0,False,False,False,W,-0.85,12.8928,115000
2023-05-25 16:04:25,43,W+R,0,False,False,False,B,-0.85,12.9272,115000
2023-05-25 16:04:36,33,W+R,0,False,False,False,B,-0.85,12.9324,115000
2023-05-25 16:04:51,54,B+R,0,False,False,False,W,-0.85,12.8035,115000
2023-05-25 16:05:07,50,B+R,0,False,False,False,W,-0.85,12.8613,115000
2023-05-25 16:05:29,69,B+1.5,6,False,False,False,,-0.85,12.9743,115000
2023-05-25 16:06:00,111,W+0.5,21,True,True,False,B,-0.85,13.053,115000
2023-05-25 16:06:11,33,W+R,0,False,False,False,B,-0.85,13.0561,115000
2023-05-25 16:06:22,33,W+R,0,False,False,False,B,-0.85,12.9294,115000
2023-05-25 16:06:32,33,W+R,0,False,False,False,B,-0.85,12.922,115000
2023-05-25 16:06:49,49,W+R,0,False,False,False,B,-0.85,12.8961,115000
2023-05-25 16:06:59,33,W+R,0,False,False,False,B,-0.85,12.8942,115000
2023-05-25 16:07:07,33,W+R,0,False,False,False,B,-0.85,12.8702,115000
2023-05-25 16:07:16,33,W+R,2,False,False,False,B,-0.85,12.7057,115000
2023-05-25 16:07:26,33,W+R,0,False,False,False,B,-0.85,12.6065,115000
2023-05-25 16:07:37,33,W+R,0,False,False,False,B,-0.85,12.5719,115000
2023-05-25 16:07:47,33,W+R,0,False,False,False,B,-0.85,12.5895,115000
2023-05-25 16:07:57,33,W+R,0,False,False,False,B,-0.85,12.6005,115000
2023-05-25 16:08:07,33,W+R,0,False,False,False,B,-0.85,12.6117,115000
2023-05-25 16:08:17,33,W+R,0,False,False,False,B,-0.85,12.5643,115000
2023-05-25 16:08:28,33,W+R,0,False,False,False,B,-0.85,12.5822,115000
2023-05-25 16:09:01,162,W+3.5,30,True,True,False,B,-0.85,12.8041,115000
2023-05-25 16:09:10,33,W+R,0,False,False,False,B,-0.85,12.6269,115000
2023-05-25 16:09:22,43,W+R,0,False,False,False,B,-0.85,12.6189,115000
2023-05-25 16:09:41,73,W+R,0,False,False,False,B,-0.85,12.6957,115000
2023-05-25 16:11:13,43,W+R,0,False,False,False,B,-0.85,12.6085,116000
2023-05-25 16:11:27,48,B+R,0,False,False,False,W,-0.85,12.6441,116000
2023-05-25 16:11:36,32,B+R,0,False,False,False,W,-0.85,12.6023,116000
2023-05-25 16:11:49,67,W+2.5,2,True,True,False,B,-0.85,12.6447,116000
2023-05-25 16:11:59,32,B+R,0,False,False,False,W,-0.85,12.6339,116000
2023-05-25 16:12:21,58,B+R,2,False,False,False,W,-0.85,12.6987,116000
2023-05-25 16:12:37,56,B+R,1,False,False,False,W,-0.85,12.7436,116000
2023-05-25 16:12:59,85,B+2.5,11,True,True,False,W,-0.85,12.8049,116000
2023-05-25 16:13:09,33,W+R,0,False,False,False,B,-0.85,12.6926,116000
2023-05-25 16:13:21,49,W+3.5,3,True,True,False,B,-0.85,12.6673,116000
2023-05-25 16:13:31,33,W+R,0,False,False,False,B,-0.85,12.6636,116000
2023-05-25 16:13:42,39,W+R,0,False,False,False,B,-0.85,12.668,116000
2023-05-25 16:13:57,50,B+R,4,False,False,False,W,-0.85,12.6149,116000
2023-05-25 16:14:06,33,W+R,0,False,False,False,B,-0.85,12.6137,116000
2023-05-25 16:14:16,33,W+R,0,False,False,False,B,-0.85,12.4333,116000
2023-05-25 16:14:26,33,W+R,0,False,False,False,B,-0.85,12.4561,116000
2023-05-25 16:14:36,35,W+R,0,False,False,False,B,-0.85,12.3575,116000
2023-05-25 16:14:46,32,B+R,0,False,False,False,W,-0.85,12.3548,116000
2023-05-25 16:14:55,33,W+R,0,False,False,False,B,-0.85,12.3449,116000
2023-05-25 16:15:05,32,B+R,0,False,False,False,W,-0.85,12.3388,116000
2023-05-25 16:15:14,33,W+R,0,False,False,False,B,-0.85,12.3268,116000
2023-05-25 16:15:26,38,B+R,0,False,False,False,W,-0.85,12.3403,116000
2023-05-25 16:15:36,33,W+R,0,False,False,False,B,-0.85,12.2419,116000
2023-05-25 16:15:46,46,B+R,0,False,False,False,W,-0.85,12.274,116000
2023-05-25 16:15:57,32,B+R,0,False,False,False,W,-0.85,12.3131,116000
2023-05-25 16:16:08,33,W+R,0,False,False,False,B,-0.85,12.2934,116000
2023-05-25 16:16:17,33,W+R,0,False,False,False,B,-0.85,12.2834,116000
2023-05-25 16:16:27,33,W+R,0,False,False,False,B,-0.85,12.285,116000
2023-05-25 16:16:43,54,B+R,0,False,False,False,W,-0.85,12.3375,116000
2023-05-25 16:16:54,38,B+R,0,False,False,False,W,-0.85,12.3582,116000
2023-05-25 16:17:05,33,W+R,0,False,False,False,B,-0.85,12.3164,116000
2023-05-25 16:17:14,33,W+R,0,False,False,False,B,-0.85,12.244,116000
2023-05-25 16:17:29,45,W+R,0,False,False,False,B,-0.85,12.2977,116000
2023-05-25 16:17:39,33,W+R,0,False,False,False,B,-0.85,12.3057,116000
2023-05-25 16:17:56,51,W+R,0,False,False,False,B,-0.85,12.2971,116000
2023-05-25 16:18:05,33,W+R,0,False,False,False,B,-0.85,12.2896,116000
2023-05-25 16:18:17,39,W+R,0,False,False,False,B,-0.85,12.2601,116000
2023-05-25 16:18:41,79,W+R,3,False,False,False,B,-0.85,12.4059,116000
2023-05-25 16:18:51,33,W+R,0,False,False,False,B,-0.85,12.3966,116000
2023-05-25 16:19:12,64,B+R,0,False,False,False,W,-0.85,12.5166,116000
2023-05-25 16:19:21,33,W+R,0,False,False,False,B,-0.85,12.5278,116000
2023-05-25 16:19:32,32,B+R,0,False,False,False,W,-0.85,12.5388,116000
2023-05-25 16:19:43,33,W+R,1,False,False,False,B,-0.85,12.5673,116000
2023-05-25 16:19:59,52,B+R,0,False,False,False,W,-0.85,12.6304,116000
2023-05-25 16:21:30,32,B+R,0,False,False,False,W,-0.85,12.643,117000
2023-05-25 16:21:52,72,B+R,1,False,False,False,W,-0.85,12.7257,117000
2023-05-25 16:22:03,33,W+R,0,False,False,False,B,-0.85,12.7412,117000
2023-05-25 16:22:13,33,W+R,0,False,False,False,B,-0.85,12.7729,117000
2023-05-25 16:22:24,33,W+R,0,False,False,False,B,-0.85,12.7897,117000
2023-05-25 16:22:33,33,W+R,0,False,False,False,B,-0.85,12.7421,117000
2023-05-25 16:22:50,49,B+2.5,3,False,False,False,,-0.85,12.7993,117000
2023-05-25 16:22:59,33,W+R,0,False,False,False,B,-0.85,12.78,117000
2023-05-25 16:23:08,32,B+R,0,False,False,False,W,-0.85,12.76,117000
2023-05-25 16:23:17,32,B+R,0,False,False,False,W,-0.85,12.768,117000
2023-05-25 16:23:41,81,B+6.5,3,True,True,False,W,-0.85,12.8705,117000
2023-05-25 16:23:50,33,W+R,0,False,False,False,B,-0.85,12.8614,117000
2023-05-25 16:24:01,32,B+R,0,False,False,False,W,-0.85,12.8636,117000
2023-05-25 16:24:30,99,W+0.5,16,True,True,False,B,-0.85,13.0355,117000
2023-05-25 16:24:40,33,W+R,0,False,False,False,B,-0.85,12.8795,117000
2023-05-25 16:24:49,32,B+R,0,False,False,False,W,-0.85,12.9055,117000
2023-05-25 16:25:02,33,W+R,0,False,False,False,B,-0.85,12.9338,117000
2023-05-25 16:25:13,33,W+R,0,False,False,False,B,-0.85,12.8062,117000
2023-05-25 16:25:29,45,W+R,0,False,False,False,B,-0.85,12.8614,117000
2023-05-25 16:25:49,66,B+5.5,4,True,True,False,W,-0.85,12.9829,117000
2023-05-25 16:25:58,42,B+R,0,False,False,False,W,-0.85,13.0144,117000
2023-05-25 16:26:22,83,W+R,8,False,False,False,B,-0.85,13.1594,117000
2023-05-25 16:26:32,33,W+R,0,False,False,False,B,-0.85,13.1494,117000
2023-05-25 16:26:39,33,W+R,0,False,False,False,B,-0.85,12.9338,117000
2023-05-25 16:26:48,33,W+R,0,False,False,False,B,-0.85,12.9365,117000
2023-05-25 16:26:57,32,B+R,0,False,False,False,W,-0.85,12.8512,117000
2023-05-25 16:27:08,33,W+R,0,False,False,False,B,-0.85,12.8469,117000
2023-05-25 16:27:18,32,B+R,0,False,False,False,W,-0.85,12.849,117000
2023-05-25 16:27:26,33,W+R,0,False,False,False,B,-0.85,12.6848,117000
2023-05-25 16:27:34,33,W+R,0,False,False,False,B,-0.85,12.6624,117000
2023-05-25 16:27:49,58,B+R,0,False,False,False,W,-0.85,12.6798,117000
2023-05-25 16:28:00,33,W+R,0,False,False,False,B,-0.85,12.6838,117000
2023-05-25 16:28:10,33,W+R,0,False,False,False,B,-0.85,12.6311,117000
2023-05-25 16:28:24,46,B+R,0,False,False,False,W,-0.85,12.6036,117000
2023-05-25 16:28:34,33,W+R,0,False,False,False,B,-0.85,12.4931,117000
2023-05-25 16:28:44,33,W+R,0,False,False,False,B,-0.85,12.2817,117000
2023-05-25 16:29:09,85,B+3.5,10,True,True,False,W,-0.85,12.4201,117000
2023-05-25 16:29:20,33,W+R,0,False,False,False,B,-0.85,12.4187,117000
2023-05-25 16:29:36,52,B+R,0,False,False,False,W,-0.85,12.4732,117000
2023-05-25 16:30:06,115,W+4.5,19,True,True,False,B,-0.85,12.6116,117000
2023-05-25 16:30:16,32,B+R,0,False,False,False,W,-0.85,12.6108,117000
2023-05-25 16:30:26,33,W+R,0,False,False,False,B,-0.85,12.6275,117000
2023-05-25 16:32:03,36,B+R,0,False,False,False,W,-0.85,12.6966,118000
2023-05-25 16:32:14,33,W+R,0,False,False,False,B,-0.85,12.7027,118000
2023-05-25 16:32:33,87,W+3.5,11,True,True,False,B,-0.85,12.7924,118000
2023-05-25 16:32:44,33,W+R,0,False,False,False,B,-0.85,12.7964,118000
2023-05-25 16:32:53,33,W+R,0,False,False,False,B,-0.85,12.7931,118000
2023-05-25 16:33:14,61,W+R,0,False,False,False,B,-0.85,12.8951,118000
2023-05-25 16:33:23,33,W+R,0,False,False,False,B,-0.85,12.8775,118000
2023-05-25 16:33:33,39,W+R,0,False,False,False,B,-0.85,12.6449,118000
2023-05-25 16:33:42,32,B+R,0,False,False,False,W,-0.85,12.6605,118000
2023-05-25 16:34:18,162,W+11.5,32,True,True,False,B,-0.85,12.8935,118000
2023-05-25 16:34:46,113,W+4.5,15,True,True,False,B,-0.85,12.9759,118000
2023-05-25 16:34:58,44,B+R,0,False,False,False,W,-0.85,13.0053,118000
2023-05-25 16:35:08,32,B+R,0,False,False,False,W,-0.85,12.9763,118000
2023-05-25 16:35:18,42,B+R,0,False,False,False,W,-0.85,12.9323,118000
2023-05-25 16:35:26,32,B+R,0,False,False,False,W,-0.85,12.9256,118000
2023-05-25 16:35:36,41,W+R,0,False,False,False,B,-0.85,12.888,118000
2023-05-25 16:35:49,47,W+R,0,False,False,False,B,-0.85,12.9218,118000
2023-05-25 16:35:58,33,W+R,0,False,False,False,B,-0.85,12.7964,118000
2023-05-25 16:36:08,33,W+R,0,False,False,False,B,-0.85,12.7325,118000
2023-05-25 16:36:17,33,W+R,0,False,False,False,B,-0.85,12.6073,118000
2023-05-25 16:36:27,33,W+R,0,False,False,False,B,-0.85,12.6006,118000
2023-05-25 16:36:48,75,B+10.5,6,True,True,False,W,-0.85,12.6982,118000
2023-05-25 16:36:58,33,W+R,0,False,False,False,B,-0.85,12.6918,118000
2023-05-25 16:37:08,38,B+R,0,False,False,False,W,-0.85,12.6839,118000
2023-05-25 16:37:34,76,B+R,0,False,False,False,W,-0.85,12.8003,118000
2023-05-25 16:37:45,33,W+R,0,False,False,False,B,-0.85,12.8133,118000
2023-05-25 16:38:03,66,B+R,0,False,False,False,W,-0.85,12.8939,118000
2023-05-25 16:38:15,33,W+R,0,False,False,False,B,-0.85,12.9165,118000
2023-05-25 16:38:25,33,W+R,0,False,False,False,B,-0.85,12.9145,118000
2023-05-25 16:38:34,33,W+R,0,False,False,False,B,-0.85,12.9075,118000
2023-05-25 16:38:46,33,W+R,0,False,False,False,B,-0.85,12.9248,118000
2023-05-25 16:38:54,33,W+R,0,False,False,False,B,-0.85,12.9154,118000
2023-05-25 16:39:04,32,B+R,0,False,False,False,W,-0.85,12.9176,118000
2023-05-25 16:39:31,99,W+2.5,26,True,True,False,B,-0.85,13.0709,118000
2023-05-25 16:39:50,65,B+7.5,6,True,True,False,W,-0.85,13.1698,118000
2023-05-25 16:40:01,33,W+R,0,False,False,False,B,-0.85,13.1677,118000
2023-05-25 16:40:10,33,W+R,0,False,False,False,B,-0.85,13.1572,118000
2023-05-25 16:40:28,51,W+R,0,False,False,False,B,-0.85,13.2198,118000
2023-05-25 16:40:44,84,B+0.5,3,True,True,False,W,-0.85,13.2967,118000
2023-05-25 16:41:06,68,B+R,0,False,False,False,W,-0.85,13.4131,118000
2023-05-25 16:41:18,40,B+R,0,False,False,False,W,-0.85,13.3727,118000
2023-05-25 16:42:47,48,B+R,0,False,False,False,W,-0.85,13.3835,119000
2023-05-25 16:42:58,33,W+R,0,False,False,False,B,-0.85,13.3959,119000
2023-05-25 16:43:09,33,W+R,0,False,False,False,B,-0.85,13.3562,119000
2023-05-25 16:43:18,33,W+R,0,False,False,False,B,-0.85,13.3466,119000
2023-05-25 16:43:28,33,W+R,0,False,False,False,B,-0.85,13.2698,119000
2023-05-25 16:43:38,33,W+R,0,False,False,False,B,-0.85,13.2848,119000
2023-05-25 16:43:49,33,W+R,0,False,False,False,B,-0.85,13.273,119000
2023-05-25 16:43:59,33,W+R,0,False,False,False,B,-0.85,13.1359,119000
2023-05-25 16:44:10,33,W+R,0,False,False,False,B,-0.85,13.1512,119000
2023-05-25 16:44:21,33,W+R,0,False,False,False,B,-0.85,13.0466,119000
2023-05-25 16:44:29,33,W+R,0,False,False,False,B,-0.85,13.0389,119000
2023-05-25 16:44:40,34,B+R,0,False,False,False,W,-0.85,13.0441,119000
2023-05-25 16:44:50,33,W+R,0,False,False,False,B,-0.85,13.0301,119000
2023-05-25 16:44:59,33,W+R,0,False,False,False,B,-0.85,12.9622,119000
2023-05-25 16:45:09,33,W+R,0,False,False,False,B,-0.85,12.905,119000
2023-05-25 16:45:19,41,W+R,0,False,False,False,B,-0.85,12.9157,119000
2023-05-25 16:45:28,33,W+R,0,False,False,False,B,-0.85,12.7786,119000
2023-05-25 16:45:38,33,W+R,0,False,False,False,B,-0.85,12.772,119000
2023-05-25 16:45:50,43,W+R,0,False,False,False,B,-0.85,12.79,119000
2023-05-25 16:46:00,33,W+R,0,False,False,False,B,-0.85,12.78,119000
2023-05-25 16:46:08,33,W+R,0,False,False,False,B,-0.85,12.7678,119000
2023-05-25 16:46:17,33,W+R,0,False,False,False,B,-0.85,12.6971,119000
2023-05-25 16:46:25,33,W+R,0,False,False,False,B,-0.85,12.6796,119000
2023-05-25 16:46:34,32,B+R,0,False,False,False,W,-0.85,12.6886,119000
2023-05-25 16:46:44,33,W+R,0,False,False,False,B,-0.85,12.6922,119000
2023-05-25 16:46:55,33,W+R,0,False,False,False,B,-0.85,12.5677,119000
2023-05-25 16:47:05,33,W+R,0,False,False,False,B,-0.85,12.5763,119000
2023-05-25 16:47:22,63,W+R,0,False,False,False,B,-0.85,12.6337,119000
2023-05-25 16:47:32,33,W+R,0,False,False,False,B,-0.85,12.4384,119000
2023-05-25 16:47:42,33,W+R,0,False,False,False,B,-0.85,12.4435,119000
2023-05-25 16:47:52,32,B+R,0,False,False,False,W,-0.85,12.4534,119000
2023-05-25 16:48:11,70,B+R,4,False,False,False,W,-0.85,12.5157,119000
2023-05-25 16:48:21,33,W+R,0,False,False,False,B,-0.85,12.5024,119000
2023-05-25 16:48:30,33,W+R,0,False,False,False,B,-0.85,12.4391,119000
2023-05-25 16:48:39,33,W+R,0,False,False,False,B,-0.85,12.3314,119000
2023-05-25 16:48:49,33,W+R,0,False,False,False,B,-0.85,12.3252,119000
2023-05-25 16:48:56,33,W+R,0,False,False,False,B,-0.85,12.1671,119000
2023-05-25 16:49:06,33,W+R,0,False,False,False,B,-0.85,12.1655,119000
2023-05-25 16:49:13,33,W+R,0,False,False,False,B,-0.85,12.1691,119000
2023-05-25 16:49:23,33,W+R,0,False,False,False,B,-0.85,12.1778,119000
2023-05-25 16:49:34,33,W+R,0,False,False,False,B,-0.85,12.1888,119000
2023-05-25 16:49:55,80,B+0.5,8,True,True,False,W,-0.85,12.299,119000
2023-05-25 16:50:03,33,W+R,0,False,False,False,B,-0.85,12.2752,119000
2023-05-25 16:50:13,33,W+R,0,False,False,False,B,-0.85,12.2988,119000
2023-05-25 16:50:29,48,B+R,0,False,False,False,W,-0.85,12.3773,119000
2023-05-25 16:50:40,35,W+R,0,False,False,False,B,-0.85,12.3328,119000
2023-05-25 16:50:50,32,B+R,0,False,False,False,W,-0.85,12.3221,119000
2023-05-25 16:50:58,33,W+R,0,False,False,False,B,-0.85,12.2953,119000
2023-05-25 16:51:22,83,W+R,3,False,False,False,B,-0.85,12.4103,119000
2023-05-25 16:51:29,34,B+R,0,False,False,False,W,-0.85,12.3786,119000
2023-05-25 16:51:37,33,W+R,0,False,False,False,B,-0.85,12.3556,119000
2023-05-25 16:51:46,32,B+R,0,False,False,False,W,-0.85,12.1956,119000
2023-05-25 16:53:16,33,W+R,0,False,False,False,B,-0.85,12.0931,120000
2023-05-25 16:53:26,33,W+R,0,False,False,False,B,-0.85,11.887,120000
2023-05-25 16:53:36,33,W+R,0,False,False,False,B,-0.85,11.8893,120000
2023-05-25 16:53:50,45,W+R,0,False,False,False,B,-0.85,11.9229,120000
2023-05-25 16:54:00,33,W+R,0,False,False,False,B,-0.85,11.8829,120000
2023-05-25 16:54:10,33,W+R,0,False,False,False,B,-0.85,11.8679,120000
2023-05-25 16:54:19,33,W+R,0,False,False,False,B,-0.85,11.8455,120000
2023-05-25 16:54:29,33,W+R,0,False,False,False,B,-0.85,11.7535,120000
2023-05-25 16:54:40,33,W+R,1,False,False,False,B,-0.85,11.7539,120000
2023-05-25 16:54:58,75,W+6.5,4,True,True,False,B,-0.85,11.8416,120000
2023-05-25 16:55:08,33,W+R,0,False,False,False,B,-0.85,11.7397,120000
2023-05-25 16:55:18,33,W+R,0,False,False,False,B,-0.85,11.7504,120000
2023-05-25 16:55:29,33,W+R,0,False,False,False,B,-0.85,11.7517,120000
2023-05-25 16:55:39,33,W+R,0,False,False,False,B,-0.85,11.7562,120000
2023-05-25 16:56:00,79,W+4.5,7,True,True,False,B,-0.85,11.6191,120000
2023-05-25 16:56:11,33,W+R,0,False,False,False,B,-0.85,11.4437,120000
2023-05-25 16:56:21,33,W+R,0,False,False,False,B,-0.85,11.422,120000
2023-05-25 16:56:31,33,W+R,0,False,False,False,B,-0.85,11.4239,120000
2023-05-25 16:56:41,33,W+R,0,False,False,False,B,-0.85,11.4242,120000
2023-05-25 16:56:50,33,W+R,0,False,False,False,B,-0.85,11.4365,120000
2023-05-25 16:56:59,32,B+R,0,False,False,False,W,-0.85,11.4271,120000
2023-05-25 16:57:08,33,W+R,0,False,False,False,B,-0.85,11.3884,120000
2023-05-25 16:57:16,33,W+R,0,False,False,False,B,-0.85,11.3745,120000
2023-05-25 16:57:23,34,B+R,0,False,False,False,W,-0.85,11.3509,120000
2023-05-25 16:57:33,33,W+R,0,False,False,False,B,-0.85,11.3479,120000
2023-05-25 16:57:48,47,W+R,0,False,False,False,B,-0.85,11.4008,120000
2023-05-25 16:57:59,33,W+R,0,False,False,False,B,-0.85,11.3005,120000
2023-05-25 16:58:10,35,W+R,0,False,False,False,B,-0.85,11.3085,120000
2023-05-25 16:58:20,33,W+R,0,False,False,False,B,-0.85,11.3166,120000
2023-05-25 16:58:29,33,W+R,0,False,False,False,B,-0.85,11.1377,120000
2023-05-25 16:58:39,33,W+R,0,False,False,False,B,-0.85,11.1304,120000
2023-05-25 16:58:49,33,W+R,0,False,False,False,B,-0.85,11.0491,120000
2023-05-25 16:58:59,32,B+R,0,False,False,False,W,-0.85,11.0361,120000
2023-05-25 16:59:09,33,W+R,0,False,False,False,B,-0.85,11.0286,120000
2023-05-25 16:59:18,33,W+R,0,False,False,False,B,-0.85,11.0291,120000
2023-05-25 16:59:26,33,W+R,0,False,False,False,B,-0.85,10.9937,120000
2023-05-25 16:59:31,33,W+R,0,False,False,False,B,-0.85,10.9644,120000
2023-05-25 16:59:50,106,W+0.5,12,True,True,False,B,-0.85,11.0528,120000
2023-05-25 16:59:57,33,W+R,0,False,False,False,B,-0.85,10.8539,120000
2023-05-25 17:00:04,33,W+R,0,False,False,False,B,-0.85,10.7316,120000
2023-05-25 17:00:12,33,W+R,0,False,False,False,B,-0.85,10.7088,120000
2023-05-25 17:00:22,33,W+R,0,False,False,False,B,-0.85,10.7145,120000
2023-05-25 17:00:32,33,W+R,0,False,False,False,B,-0.85,10.6363,120000
2023-05-25 17:00:42,33,W+R,0,False,False,False,B,-0.85,10.5721,120000
2023-05-25 17:01:10,103,W+5.5,17,True,True,False,B,-0.85,10.6345,120000
2023-05-25 17:01:21,33,W+R,0,False,False,False,B,-0.85,10.6278,120000
2023-05-25 17:01:32,33,W+R,0,False,False,False,B,-0.85,10.6509,120000
2023-05-25 17:01:48,52,B+R,0,False,False,False,W,-0.85,10.6667,120000
2023-05-25 17:01:58,33,W+R,0,False,False,False,B,-0.85,10.6608,120000
2023-05-25 17:02:09,33,W+R,0,False,False,False,B,-0.85,10.6598,120000
2023-05-25 17:03:36,33,W+R,0,False,False,False,B,-0.85,10.6343,121000
2023-05-25 17:03:49,40,B+R,0,False,False,False,W,-0.85,10.6563,121000
2023-05-25 17:04:14,70,B+R,0,False,False,False,W,-0.85,10.8035,121000
2023-05-25 17:04:29,59,W+4.5,3,True,True,False,B,-0.85,10.8427,121000
2023-05-25 17:04:46,60,B+R,1,False,False,False,W,-0.85,10.9082,121000
2023-05-25 17:04:56,36,B+R,0,False,False,False,W,-0.85,10.9003,121000
2023-05-25 17:05:08,33,W+R,0,False,False,False,B,-0.85,10.9346,121000
2023-05-25 17:05:31,78,W+0.5,8,True,True,False,B,-0.85,11.0571,121000
2023-05-25 17:05:48,57,W+R,5,False,False,False,B,-0.85,11.1301,121000
2023-05-25 17:06:10,77,W+4.5,5,True,True,False,B,-0.85,11.2604,121000
2023-05-25 17:06:34,75,W+4.5,4,True,True,False,B,-0.85,11.3981,121000
2023-05-25 17:06:44,33,W+R,0,False,False,False,B,-0.85,11.3941,121000
2023-05-25 17:06:55,33,W+R,0,False,False,False,B,-0.85,11.4204,121000
2023-05-25 17:07:12,52,B+R,0,False,False,False,W,-0.85,11.4863,121000
2023-05-25 17:07:23,33,W+R,0,False,False,False,B,-0.85,11.4759,121000
2023-05-25 17:07:33,32,B+R,0,False,False,False,W,-0.85,11.4827,121000
2023-05-25 17:07:44,33,W+R,0,False,False,False,B,-0.85,11.5059,121000
2023-05-25 17:07:53,33,W+R,0,False,False,False,B,-0.85,11.5058,121000
2023-05-25 17:08:05,46,B+R,0,False,False,False,W,-0.85,11.5552,121000
2023-05-25 17:08:15,33,W+R,0,False,False,False,B,-0.85,11.556,121000
2023-05-25 17:08:25,33,W+R,0,False,False,False,B,-0.85,11.5538,121000
2023-05-25 17:08:33,33,W+R,0,False,False,False,B,-0.85,11.5208,121000
2023-05-25 17:08:56,66,B+R,0,False,False,False,W,-0.85,11.6541,121000
2023-05-25 17:09:05,32,B+R,0,False,False,False,W,-0.85,11.5819,121000
2023-05-25 17:09:18,50,B+R,0,False,False,False,W,-0.85,11.6121,121000
2023-05-25 17:09:26,33,W+R,0,False,False,False,B,-0.85,11.5848,121000
2023-05-25 17:09:36,33,W+R,0,False,False,False,B,-0.85,11.5845,121000
2023-05-25 17:09:44,33,W+R,0,False,False,False,B,-0.85,11.4721,121000
2023-05-25 17:09:53,33,W+R,0,False,False,False,B,-0.85,11.4758,121000
2023-05-25 17:10:02,33,W+R,0,False,False,False,B,-0.85,11.4638,121000
2023-05-25 17:10:11,33,W+R,0,False,False,False,B,-0.85,11.4627,121000
2023-05-25 17:10:29,93,W+1.5,12,True,True,False,B,-0.85,11.5556,121000
2023-05-25 17:10:54,95,W+4.5,20,True,True,False,B,-0.85,11.7219,121000
2023-05-25 17:11:03,33,W+R,0,False,False,False,B,-0.85,11.7228,121000
2023-05-25 17:11:12,32,B+R,0,False,False,False,W,-0.85,11.7372,121000
2023-05-25 17:11:24,33,W+R,0,False,False,False,B,-0.85,11.7492,121000
2023-05-25 17:11:34,33,W+R,0,False,False,False,B,-0.85,11.7444,121000
2023-05-25 17:11:51,72,B+3.5,4,True,True,False,W,-0.85,11.7063,121000
2023-05-25 17:12:01,33,W+R,0,False,False,False,B,-0.85,11.7222,121000
2023-05-25 17:12:11,33,W+R,0,False,False,False,B,-0.85,11.7225,121000
2023-05-25 17:12:23,45,W+R,0,False,False,False,B,-0.85,11.6882,121000
2023-05-25 17:12:31,34,B+R,0,False,False,False,W,-0.85,11.6591,121000
2023-05-25 17:13:53,33,W+R,0,False,False,False,B,-0.85,11.6555,122000
2023-05-25 17:14:03,35,W+R,0,False,False,False,B,-0.85,11.5058,122000
2023-05-25 17:14:12,33,W+R,0,False,False,False,B,-0.85,11.5313,122000
2023-05-25 17:14:22,33,W+R,0,False,False,False,B,-0.85,11.5552,122000
2023-05-25 17:14:32,33,W+R,0,False,False,False,B,-0.85,11.5644,122000
2023-05-25 17:14:45,46,B+R,0,False,False,False,W,-0.85,11.603,122000
2023-05-25 17:15:04,61,W+R,0,False,False,False,B,-0.85,11.7188,122000
2023-05-25 17:15:14,35,W+R,0,False,False,False,B,-0.85,11.7222,122000
2023-05-25 17:15:35,59,W+R,0,False,False,False,B,-0.85,11.8342,122000
2023-05-25 17:15:46,33,W+R,0,False,False,False,B,-0.85,11.8072,122000
2023-05-25 17:15:57,33,W+R,0,False,False,False,B,-0.85,11.8058,122000
2023-05-25 17:16:14,62,B+R,0,False,False,False,W,-0.85,11.8825,122000
2023-05-25 17:16:24,33,W+R,0,False,False,False,B,-0.85,11.8875,122000
2023-05-25 17:16:34,33,W+R,0,False,False,False,B,-0.85,11.8895,122000
2023-05-25 17:16:43,33,W+R,0,False,False,False,B,-0.85,11.8699,122000
2023-05-25 17:16:57,48,B+R,0,False,False,False,W,-0.85,11.8269,122000
2023-05-25 17:17:08,33,W+R,0,False,False,False,B,-0.85,11.8334,122000
2023-05-25 17:17:17,33,W+R,0,False,False,False,B,-0.85,11.8305,122000
2023-05-25 17:17:26,33,W+R,0,False,False,False,B,-0.85,11.8105,122000
2023-05-25 17:17:36,33,W+R,1,False,False,False,B,-0.85,11.8132,122000
2023-05-25 17:17:46,33,W+R,0,False,False,False,B,-0.85,11.7006,122000
2023-05-25 17:17:56,33,W+R,0,False,False,False,B,-0.85,11.6947,122000
2023-05-25 17:18:06,32,B+R,0,False,False,False,W,-0.85,11.6895,122000
2023-05-25 17:18:15,33,W+R,0,False,False,False,B,-0.85,11.6803,122000
2023-05-25 17:18:23,33,W+R,0,False,False,False,B,-0.85,11.6622,122000
2023-05-25 17:18:30,33,W+R,0,False,False,False,B,-0.85,11.6402,122000
2023-05-25 17:18:52,80,W+2.5,8,True,True,True,W,-0.85,11.7702,122000
2023-05-25 17:19:03,37,W+R,0,False,False,False,B,-0.85,11.786,122000
2023-05-25 17:19:13,33,W+R,0,False,False,False,B,-0.85,11.8053,122000
2023-05-25 17:19:24,37,W+R,0,False,False,False,B,-0.85,11.8527,122000
2023-05-25 17:19:35,33,W+R,0,False,False,False,B,-0.85,11.8626,122000
2023-05-25 17:19:46,41,B+1.5,3,False,False,False,,-0.85,11.8263,122000
2023-05-25 17:19:56,33,W+R,0,False,False,False,B,-0.85,11.8164,122000
2023-05-25 17:20:06,32,B+R,0,False,False,False,W,-0.85,11.8056,122000
2023-05-25 17:20:18,33,W+R,1,False,False,False,B,-0.85,11.817,122000
2023-05-25 17:20:28,33,W+R,0,False,False,False,B,-0.85,11.8351,122000
2023-05-25 17:20:38,33,W+R,0,False,False,False,B,-0.85,11.831,122000
2023-05-25 17:20:44,33,W+R,0,False,False,False,B,-0.85,11.7896,122000
2023-05-25 17:20:52,33,W+R,0,False,False,False,B,-0.85,11.7694,122000
2023-05-25 17:21:28,117,B+3.5,19,True,True,False,W,-0.85,12.0375,122000
2023-05-25 17:21:46,62,B+R,0,False,False,False,W,-0.85,12.1191,122000
2023-05-25 17:21:55,33,W+R,1,False,False,False,B,-0.85,12.1379,122000
2023-05-25 17:22:13,72,W+5.5,3,True,True,False,B,-0.85,12.2566,122000
2023-05-25 17:22:23,32,B+R,0,False,False,False,W,-0.85,12.1707,122000
2023-05-25 17:22:32,33,W+R,0,False,False,False,B,-0.85,12.192,122000
2023-05-25 17:22:44,50,W+0.5,7,False,False,False,,-0.85,12.2383,122000
2023-05-25 17:24:08,33,W+R,0,False,False,False,B,-0.85,12.2104,123000
2023-05-25 17:24:21,59,W+R,0,False,False,False,B,-0.85,12.2419,123000
2023-05-25 17:24:29,34,B+R,0,False,False,False,W,-0.85,12.213,123000
2023-05-25 17:24:40,33,W+R,0,False,False,False,B,-0.85,12.0423,123000
2023-05-25 17:24:51,33,W+R,0,False,False,False,B,-0.85,12.0461,123000
2023-05-25 17:25:13,79,B+0.5,3,True,True,False,W,-0.85,12.1689,123000
2023-05-25 17:25:26,33,W+R,0,False,False,False,B,-0.85,12.1264,123000
2023-05-25 17:25:35,36,B+R,0,False,False,False,W,-0.85,12.1198,123000
2023-05-25 17:25:50,49,W+R,0,False,False,False,B,-0.85,12.1652,123000
2023-05-25 17:26:03,32,B+R,0,False,False,False,W,-0.85,12.2138,123000
2023-05-25 17:26:12,33,W+R,0,False,False,False,B,-0.85,12.2174,123000
2023-05-25 17:26:21,33,W+R,0,False,False,False,B,-0.85,12.1839,123000
2023-05-25 17:26:33,45,W+R,1,False,False,False,B,-0.85,12.0532,123000
2023-05-25 17:26:44,33,W+R,0,False,False,False,B,-0.85,12.0179,123000
2023-05-25 17:26:55,33,W+R,0,False,False,False,B,-0.85,11.9514,123000
2023-05-25 17:27:16,80,W+0.5,10,True,True,False,B,-0.85,12.0667,123000
2023-05-25 17:27:27,34,B+R,0,False,False,False,W,-0.85,12.0555,123000
2023-05-25 17:27:39,37,W+R,0,False,False,False,B,-0.85,11.9411,123000
2023-05-25 17:27:50,33,W+R,0,False,False,False,B,-0.85,11.8757,123000
2023-05-25 17:28:00,33,W+R,0,False,False,False,B,-0.85,11.7585,123000
2023-05-25 17:28:17,54,B+R,0,False,False,False,W,-0.85,11.6993,123000
2023-05-25 17:28:28,33,W+R,0,False,False,False,B,-0.85,11.7022,123000
2023-05-25 17:28:39,33,W+R,1,False,False,False,B,-0.85,11.6982,123000
2023-05-25 17:29:04,94,B+6.5,8,True,True,False,W,-0.85,11.7885,123000
2023-05-25 17:29:15,33,W+R,0,False,False,False,B,-0.85,11.7827,123000
2023-05-25 17:29:26,33,W+R,0,False,False,False,B,-0.85,11.7855,123000
2023-05-25 17:29:37,37,W+R,0,False,False,False,B,-0.85,11.8006,123000
2023-05-25 17:29:47,33,W+R,0,False,False,False,B,-0.85,11.8081,123000
2023-05-25 17:29:58,33,W+R,0,False,False,False,B,-0.85,11.7857,123000
2023-05-25 17:30:07,33,W+R,0,False,False,False,B,-0.85,11.7842,123000
2023-05-25 17:30:37,83,B+1.5,7,True,True,False,W,-0.85,11.9885,123000
2023-05-25 17:30:49,33,W+R,0,False,False,False,B,-0.85,12.024,123000
2023-05-25 17:31:00,33,W+R,0,False,False,False,B,-0.85,11.9019,123000
2023-05-25 17:31:16,48,B+R,0,False,False,False,W,-0.85,11.9725,123000
2023-05-25 17:31:25,33,W+R,0,False,False,False,B,-0.85,11.929,123000
2023-05-25 17:31:41,53,W+R,0,False,False,False,B,-0.85,12.0185,123000
2023-05-25 17:31:51,33,W+R,0,False,False,False,B,-0.85,12.0111,123000
2023-05-25 17:32:00,33,W+R,0,False,False,False,B,-0.85,12.0241,123000
2023-05-25 17:32:13,43,W+R,0,False,False,False,B,-0.85,12.0603,123000
2023-05-25 17:32:23,33,W+R,0,False,False,False,B,-0.85,12.0742,123000
2023-05-25 17:32:33,33,W+R,0,False,False,False,B,-0.85,12.0844,123000
2023-05-25 17:32:43,33,W+R,1,False,False,False,B,-0.85,11.9978,123000
2023-05-25 17:32:53,33,W+R,0,False,False,False,B,-0.85,11.8606,123000
2023-05-25 17:34:28,33,W+R,0,False,False,False,B,-0.85,11.8767,124000
2023-05-25 17:34:35,33,W+R,0,False,False,False,B,-0.85,11.8403,124000
2023-05-25 17:34:46,33,W+R,0,False,False,False,B,-0.85,11.8456,124000
2023-05-25 17:34:59,46,B+R,0,False,False,False,W,-0.85,11.804,124000
2023-05-25 17:35:08,33,W+R,0,False,False,False,B,-0.85,11.7991,124000
2023-05-25 17:35:19,33,W+R,0,False,False,False,B,-0.85,11.8006,124000
2023-05-25 17:35:29,33,W+R,0,False,False,False,B,-0.85,11.7829,124000
2023-05-25 17:36:06,162,W+29.5,40,True,True,False,B,-0.85,12.0704,124000
2023-05-25 17:36:38,92,B+R,7,False,False,False,W,-0.85,12.3104,124000
2023-05-25 17:36:49,33,W+R,0,False,False,False,B,-0.85,12.332,124000
2023-05-25 17:37:00,33,W+R,0,False,False,False,B,-0.85,12.3402,124000
2023-05-25 17:37:10,33,W+R,0,False,False,False,B,-0.85,12.3387,124000
2023-05-25 17:37:19,33,W+R,0,False,False,False,B,-0.85,12.3394,124000
2023-05-25 17:37:31,33,W+R,0,False,False,False,B,-0.85,12.352,124000
2023-05-25 17:37:41,33,W+R,0,False,False,False,B,-0.85,12.3257,124000
2023-05-25 17:37:52,33,W+R,0,False,False,False,B,-0.85,12.2425,124000
2023-05-25 17:38:01,33,W+R,0,False,False,False,B,-0.85,12.2353,124000
2023-05-25 17:38:11,33,W+R,0,False,False,False,B,-0.85,12.1262,124000
2023-05-25 17:38:22,33,W+R,0,False,False,False,B,-0.85,12.1199,124000
2023-05-25 17:38:31,33,W+R,0,False,False,False,B,-0.85,12.1096,124000
2023-05-25 17:38:41,33,W+R,0,False,False,False,B,-0.85,12.0332,124000
2023-05-25 17:38:48,32,B+R,0,False,False,False,W,-0.85,12.0059,124000
2023-05-25 17:38:57,33,W+R,0,False,False,False,B,-0.85,12.0016,124000
2023-05-25 17:39:11,40,B+R,0,False,False,False,W,-0.85,12.0472,124000
2023-05-25 17:39:27,54,B+R,0,False,False,False,W,-0.85,12.0732,124000
2023-05-25 17:39:39,39,W+R,0,False,False,False,B,-0.85,12.0847,124000
2023-05-25 17:39:49,33,W+R,0,False,False,False,B,-0.85,12.0796,124000
2023-05-25 17:40:10,66,B+R,0,False,False,False,W,-0.85,12.2138,124000
2023-05-25 17:40:18,33,W+R,0,False,False,False,B,-0.85,12.1882,124000
2023-05-25 17:40:30,50,B+R,0,False,False,False,W,-0.85,12.2009,124000
2023-05-25 17:40:38,32,B+R,0,False,False,False,W,-0.85,12.1841,124000
2023-05-25 17:40:48,33,W+R,0,False,False,False,B,-0.85,12.1949,124000
2023-05-25 17:40:59,33,W+R,0,False,False,False,B,-0.85,12.2096,124000
2023-05-25 17:41:28,82,B+R,12,False,False,False,W,-0.85,12.4198,124000
2023-05-25 17:41:38,33,W+R,0,False,False,False,B,-0.85,12.4443,124000
2023-05-25 17:41:47,33,W+R,0,False,False,False,B,-0.85,12.3163,124000
2023-05-25 17:41:58,33,W+R,0,False,False,False,B,-0.85,12.3226,124000
2023-05-25 17:42:10,46,B+R,0,False,False,False,W,-0.85,12.3373,124000
2023-05-25 17:42:17,33,W+R,0,False,False,False,B,-0.85,12.2904,124000
2023-05-25 17:42:26,33,W+R,0,False,False,False,B,-0.85,12.2759,124000
2023-05-25 17:42:35,33,W+R,0,False,False,False,B,-0.85,12.2571,124000
2023-05-25 17:42:46,33,W+R,0,False,False,False,B,-0.85,12.2629,124000
2023-05-25 17:42:58,37,W+R,0,False,False,False,B,-0.85,12.2889,124000
2023-05-25 17:43:08,33,W+R,0,False,False,False,B,-0.85,12.2729,124000
2023-05-25 17:43:19,33,W+R,0,False,False,False,B,-0.85,12.2775,124000
2023-05-25 17:43:29,33,W+R,0,False,False,False,B,-0.85,12.2771,124000
2023-05-25 17:43:39,33,W+R,1,False,False,False,B,-0.85,12.3211,124000
2023-05-25 17:45:10,33,W+R,0,False,False,False,B,-0.85,12.079,125000
2023-05-25 17:45:27,52,B+R,0,False,False,False,W,-0.85,12.0741,125000
2023-05-25 17:45:40,49,W+R,0,False,False,False,B,-0.85,12.1065,125000
2023-05-25 17:45:51,39,W+R,0,False,False,False,B,-0.85,12.0454,125000
2023-05-25 17:46:01,33,W+R,0,False,False,False,B,-0.85,12.0437,125000
2023-05-25 17:46:12,33,W+R,0,False,False,False,B,-0.85,12.0628,125000
2023-05-25 17:46:22,33,W+R,0,False,False,False,B,-0.85,12.0425,125000
2023-05-25 17:46:43,70,B+R,0,False,False,False,W,-0.85,12.1793,125000
2023-05-25 17:46:53,33,W+R,0,False,False,False,B,-0.85,12.2013,125000
2023-05-25 17:47:04,33,W+R,0,False,False,False,B,-0.85,12.1779,125000
2023-05-25 17:47:16,39,W+R,0,False,False,False,B,-0.85,12.2212,125000
2023-05-25 17:47:26,33,W+R,0,False,False,False,B,-0.85,12.2194,125000
2023-05-25 17:47:39,49,W+R,0,False,False,False,B,-0.85,12.2336,125000
2023-05-25 17:48:01,83,W+6.5,8,True,True,False,B,-0.85,12.2278,125000
2023-05-25 17:48:09,33,W+R,0,False,False,False,B,-0.85,12.1815,125000
2023-05-25 17:48:20,32,B+R,0,False,False,False,W,-0.85,12.1961,125000
2023-05-25 17:48:35,56,B+R,0,False,False,False,W,-0.85,12.2029,125000
2023-05-25 17:48:46,35,W+R,0,False,False,False,B,-0.85,12.1821,125000
2023-05-25 17:49:07,73,B+1.5,9,False,False,False,,-0.85,12.3047,125000
2023-05-25 17:49:18,35,W+R,0,False,False,False,B,-0.85,12.3173,125000
2023-05-25 17:49:28,37,W+R,0,False,False,False,B,-0.85,12.2973,125000
2023-05-25 17:49:37,32,B+R,0,False,False,False,W,-0.85,12.2782,125000
2023-05-25 17:49:46,33,W+R,0,False,False,False,B,-0.85,12.2631,125000
2023-05-25 17:50:07,102,W+0.5,17,True,True,False,B,-0.85,12.2581,125000
2023-05-25 17:50:30,70,B+R,0,False,False,False,W,-0.85,12.3814,125000
2023-05-25 17:50:40,33,W+R,0,False,False,False,B,-0.85,12.3649,125000
2023-05-25 17:50:57,75,W+7.5,6,True,True,False,B,-0.85,12.4293,125000
2023-05-25 17:51:05,33,W+R,0,False,False,False,B,-0.85,12.3975,125000
2023-05-25 17:51:15,33,W+R,0,False,False,False,B,-0.85,12.3297,125000
2023-05-25 17:51:25,37,W+R,0,False,False,False,B,-0.85,12.3244,125000
2023-05-25 17:51:35,33,W+R,0,False,False,False,B,-0.85,12.3178,125000
2023-05-25 17:52:02,107,B+0.5,14,True,True,False,W,-0.85,12.3301,125000
2023-05-25 17:52:11,33,W+R,0,False,False,False,B,-0.85,12.3109,125000
2023-05-25 17:52:21,33,W+R,0,False,False,False,B,-0.85,12.3101,125000
2023-05-25 17:52:33,33,W+R,0,False,False,False,B,-0.85,12.3047,125000
2023-05-25 17:52:41,33,W+R,0,False,False,False,B,-0.85,12.2905,125000
2023-05-25 17:52:50,33,W+R,0,False,False,False,B,-0.85,12.2804,125000
2023-05-25 17:53:02,33,W+R,0,False,False,False,B,-0.85,12.3013,125000
2023-05-25 17:53:12,33,W+R,0,False,False,False,B,-0.85,12.1004,125000
2023-05-25 17:53:23,33,W+R,0,False,False,False,B,-0.85,12.0922,125000
2023-05-25 17:53:35,41,W+R,0,False,False,False,B,-0.85,12.0964,125000
2023-05-25 17:53:43,33,W+R,0,False,False,False,B,-0.85,12.0239,125000
2023-05-25 17:53:55,45,W+R,0,False,False,False,B,-0.85,12.0474,125000
2023-05-25 17:54:05,33,W+R,0,False,False,False,B,-0.85,11.9824,125000
2023-05-25 17:54:14,33,W+R,0,False,False,False,B,-0.85,11.988,125000
2023-05-25 17:55:47,33,W+R,0,False,False,False,B,-0.85,11.9656,126000
2023-05-25 17:55:56,33,W+R,0,False,False,False,B,-0.85,11.9632,126000
2023-05-25 17:56:05,32,B+R,0,False,False,False,W,-0.85,11.9511,126000
2023-05-25 17:56:34,80,B+R,3,False,False,False,W,-0.85,12.136,126000
2023-05-25 17:56:44,33,W+R,0,False,False,False,B,-0.85,12.137,126000
2023-05-25 17:56:54,38,B+R,0,False,False,False,W,-0.85,12.1364,126000
2023-05-25 17:57:03,33,W+R,0,False,False,False,B,-0.85,12.1237,126000
2023-05-25 17:57:12,33,W+R,0,False,False,False,B,-0.85,12.1366,126000
2023-05-25 17:57:22,33,W+R,0,False,False,False,B,-0.85,12.1267,126000
2023-05-25 17:57:42,60,B+R,0,False,False,False,W,-0.85,12.1982,126000
2023-05-25 17:58:22,162,W+8.5,29,True,True,False,B,-0.85,12.5032,126000
2023-05-25 17:58:31,33,W+R,0,False,False,False,B,-0.85,12.495,126000
2023-05-25 17:58:52,69,W+R,0,False,False,False,B,-0.85,12.6015,126000
2023-05-25 17:59:09,68,W+10.5,4,True,True,False,B,-0.85,12.4043,126000
2023-05-25 17:59:21,41,W+R,0,False,False,False,B,-0.85,12.1975,126000
2023-05-25 17:59:35,48,B+R,0,False,False,False,W,-0.85,12.223,126000
2023-05-25 17:59:52,59,W+R,1,False,False,False,B,-0.85,12.2891,126000
2023-05-25 18:00:04,42,B+R,0,False,False,False,W,-0.85,12.316,126000
2023-05-25 18:00:13,33,W+R,0,False,False,False,B,-0.85,12.3081,126000
2023-05-25 18:00:21,32,B+R,0,False,False,False,W,-0.85,12.2764,126000
2023-05-25 18:00:29,32,B+R,0,False,False,False,W,-0.85,12.2481,126000
2023-05-25 18:00:52,95,W+2.5,26,True,True,False,B,-0.85,12.3775,126000
2023-05-25 18:01:13,56,B+R,0,False,False,False,W,-0.85,12.4915,126000
2023-05-25 18:01:23,33,W+R,0,False,False,False,B,-0.85,12.4886,126000
2023-05-25 18:01:40,55,W+R,0,False,False,False,B,-0.85,12.5564,126000
2023-05-25 18:01:51,33,W+R,0,False,False,False,B,-0.85,12.5671,126000
2023-05-25 18:01:58,33,W+R,0,False,False,False,B,-0.85,12.5445,126000
2023-05-25 18:02:05,33,W+R,0,False,False,False,B,-0.85,12.5394,126000
2023-05-25 18:02:11,33,W+R,0,False,False,False,B,-0.85,12.5096,126000
2023-05-25 18:02:21,33,W+R,0,False,False,False,B,-0.85,12.4731,126000
2023-05-25 18:02:37,49,W+R,0,False,False,False,B,-0.85,12.4712,126000
2023-05-25 18:02:46,33,W+R,0,False,False,False,B,-0.85,12.4391,126000
2023-05-25 18:03:00,48,B+R,0,False,False,False,W,-0.85,12.4811,126000
2023-05-25 18:03:10,33,W+R,0,False,False,False,B,-0.85,12.3663,126000
2023-05-25 18:03:18,33,W+R,0,False,False,False,B,-0.85,12.3746,126000
2023-05-25 18:03:28,35,W+R,0,False,False,False,B,-0.85,12.3546,126000
2023-05-25 18:04:07,162,W+10.5,24,True,True,False,B,-0.85,12.6645,126000
2023-05-25 18:04:18,33,W+R,0,False,False,False,B,-0.85,12.6673,126000
2023-05-25 18:04:28,33,W+R,0,False,False,False,B,-0.85,12.6598,126000
2023-05-25 18:06:19,33,W+R,0,False,False,False,B,-0.85,12.6503,127000
2023-05-25 18:06:29,33,W+R,0,False,False,False,B,-0.85,12.6502,127000
2023-05-25 18:06:37,33,W+R,0,False,False,False,B,-0.85,12.6142,127000
2023-05-25 18:06:43,33,W+R,0,False,False,False,B,-0.85,12.5664,127000
2023-05-25 18:06:53,33,W+R,0,False,False,False,B,-0.85,12.5933,127000
2023-05-25 18:07:04,36,B+R,0,False,False,False,W,-0.85,12.6129,127000
2023-05-25 18:07:13,32,B+R,0,False,False,False,W,-0.85,12.6134,127000
2023-05-25 18:07:23,33,W+R,0,False,False,False,B,-0.85,12.6056,127000
2023-05-25 18:07:32,33,W+R,0,False,False,False,B,-0.85,12.5708,127000
2023-05-25 18:07:43,33,W+R,0,False,False,False,B,-0.85,12.5847,127000
2023-05-25 18:07:54,33,W+R,0,False,False,False,B,-0.85,12.5858,127000
2023-05-25 18:08:06,46,B+R,0,False,False,False,W,-0.85,12.6067,127000
2023-05-25 18:08:20,47,W+R,0,False,False,False,B,-0.85,12.6428,127000
2023-05-25 18:08:31,35,W+R,0,False,False,False,B,-0.85,12.6468,127000
2023-05-25 18:08:41,33,W+R,0,False,False,False,B,-0.85,12.6512,127000
2023-05-25 18:09:05,88,W+4.5,7,True,True,False,B,-0.85,12.723,127000
2023-05-25 18:09:15,33,W+R,0,False,False,False,B,-0.85,12.6921,127000
2023-05-25 18:09:25,33,W+R,0,False,False,False,B,-0.85,12.6744,127000
2023-05-25 18:09:38,39,W+R,0,False,False,False,B,-0.85,12.7094,127000
2023-05-25 18:09:48,33,W+R,0,False,False,False,B,-0.85,12.6969,127000
2023-05-25 18:09:57,33,W+R,0,False,False,False,B,-0.85,12.6911,127000
2023-05-25 18:10:23,88,W+2.5,11,True,True,False,B,-0.85,12.7363,127000
2023-05-25 18:10:33,33,W+R,0,False,False,False,B,-0.85,12.7357,127000
2023-05-25 18:10:43,33,W+R,0,False,False,False,B,-0.85,12.7367,127000
2023-05-25 18:11:09,84,W+2.5,4,True,True,False,B,-0.85,12.8715,127000
2023-05-25 18:11:25,50,B+R,0,False,False,False,W,-0.85,12.9267,127000
2023-05-25 18:11:34,33,W+R,0,False,False,False,B,-0.85,12.8944,127000
2023-05-25 18:11:45,33,W+R,0,False,False,False,B,-0.85,12.7779,127000
2023-05-25 18:11:54,33,W+R,0,False,False,False,B,-0.85,12.7928,127000
2023-05-25 18:12:15,86,W+8.5,8,True,True,False,B,-0.85,12.8986,127000
2023-05-25 18:12:30,46,B+R,0,False,False,False,W,-0.85,12.8885,127000
2023-05-25 18:12:57,98,B+7.5,17,True,True,False,W,-0.85,13.0468,127000
2023-05-25 18:13:11,55,W+2.5,3,True,True,False,B,-0.85,12.9816,127000
2023-05-25 18:13:24,46,B+R,0,False,False,False,W,-0.85,13.0028,127000
2023-05-25 18:13:32,33,W+R,0,False,False,False,B,-0.85,12.9822,127000
2023-05-25 18:13:43,35,W+R,0,False,False,False,B,-0.85,13.0015,127000
2023-05-25 18:13:54,33,W+R,0,False,False,False,B,-0.85,13.0215,127000
2023-05-25 18:14:03,33,W+R,0,False,False,False,B,-0.85,12.9016,127000
2023-05-25 18:14:13,32,B+R,0,False,False,False,W,-0.85,12.7678,127000
2023-05-25 18:14:25,33,W+R,0,False,False,False,B,-0.85,12.7819,127000
2023-05-25 18:14:35,33,W+R,0,False,False,False,B,-0.85,12.7197,127000
2023-05-25 18:15:02,102,W+3.5,16,True,True,False,B,-0.85,12.9108,127000
2023-05-25 18:15:11,33,W+R,0,False,False,False,B,-0.85,12.9026,127000
2023-05-25 18:16:39,41,W+R,0,False,False,False,B,-0.85,12.9012,128000
2023-05-25 18:16:50,33,W+R,0,False,False,False,B,-0.85,12.736,128000
2023-05-25 18:16:59,33,W+R,0,False,False,False,B,-0.85,12.7423,128000
2023-05-25 18:17:09,33,W+R,0,False,False,False,B,-0.85,12.7375,128000
2023-05-25 18:17:18,33,W+R,0,False,False,False,B,-0.85,12.7134,128000
2023-05-25 18:17:26,33,W+R,0,False,False,False,B,-0.85,12.7076,128000
2023-05-25 18:17:35,33,W+R,0,False,False,False,B,-0.85,12.7074,128000
2023-05-25 18:17:48,41,W+R,0,False,False,False,B,-0.85,12.7171,128000
2023-05-25 18:17:58,33,W+R,0,False,False,False,B,-0.85,12.7222,128000
2023-05-25 18:18:07,33,W+R,0,False,False,False,B,-0.85,12.7053,128000
2023-05-25 18:18:32,77,W+R,1,False,False,False,B,-0.85,12.8372,128000
2023-05-25 18:18:54,63,W+R,0,False,False,False,B,-0.85,12.9662,128000
2023-05-25 18:19:12,61,W+R,0,False,False,False,B,-0.85,13.0353,128000
2023-05-25 18:19:23,33,W+R,0,False,False,False,B,-0.85,13.0459,128000
2023-05-25 18:19:33,32,B+R,0,False,False,False,W,-0.85,13.0496,128000
2023-05-25 18:20:06,131,W+3.5,27,True,True,False,B,-0.85,13.2828,128000
2023-05-25 18:20:17,33,W+R,0,False,False,False,B,-0.85,13.2824,128000
2023-05-25 18:20:28,33,W+R,0,False,False,False,B,-0.85,13.301,128000
2023-05-25 18:20:49,72,W+0.5,8,True,True,False,B,-0.85,13.4225,128000
2023-05-25 18:20:59,33,W+R,0,False,False,False,B,-0.85,13.2372,128000
2023-05-25 18:21:09,33,W+R,0,False,False,False,B,-0.85,13.2287,128000
2023-05-25 18:21:18,32,B+R,0,False,False,False,W,-0.85,13.2208,128000
2023-05-25 18:21:28,40,B+R,0,False,False,False,W,-0.85,13.2354,128000
2023-05-25 18:21:42,68,W+0.5,8,True,True,False,B,-0.85,13.2838,128000
2023-05-25 18:21:52,33,W+R,0,False,False,False,B,-0.85,13.291,128000
2023-05-25 18:22:02,32,B+R,0,False,False,False,W,-0.85,13.1795,128000
2023-05-25 18:22:13,33,W+R,0,False,False,False,B,-0.85,12.8958,128000
2023-05-25 18:22:23,33,W+R,0,False,False,False,B,-0.85,12.9001,128000
2023-05-25 18:22:36,42,B+R,0,False,False,False,W,-0.85,12.8211,128000
2023-05-25 18:23:06,107,W+10.5,19,True,True,False,B,-0.85,12.9537,128000
2023-05-25 18:23:16,32,B+R,0,False,False,False,W,-0.85,12.9339,128000
2023-05-25 18:23:34,69,W+R,2,False,False,False,B,-0.85,12.9765,128000
2023-05-25 18:23:43,37,W+R,0,False,False,False,B,-0.85,12.8996,128000
2023-05-25 18:23:58,49,W+R,0,False,False,False,B,-0.85,12.9244,128000
2023-05-25 18:24:05,33,W+R,0,False,False,False,B,-0.85,12.904,128000
2023-05-25 18:24:17,32,B+R,0,False,False,False,W,-0.85,12.9381,128000
2023-05-25 18:24:28,33,W+R,0,False,False,False,B,-0.85,12.973,128000
2023-05-25 18:24:51,68,B+R,0,False,False,False,W,-0.85,12.9708,128000
2023-05-25 18:25:01,33,W+R,0,False,False,False,B,-0.85,12.8656,128000
2023-05-25 18:25:30,103,B+7.5,8,True,True,False,W,-0.85,13.0521,128000
2023-05-25 18:25:41,33,W+R,0,False,False,False,B,-0.85,12.9887,128000
2023-05-25 18:27:21,33,W+R,0,False,False,False,B,-0.85,13.093,129000
2023-05-25 18:27:35,41,W+R,0,False,False,False,B,-0.85,13.1642,129000
2023-05-25 18:27:45,43,W+R,0,False,False,False,B,-0.85,13.1983,129000
2023-05-25 18:27:54,33,W+R,0,False,False,False,B,-0.85,13.1982,129000
2023-05-25 18:28:04,33,W+R,0,False,False,False,B,-0.85,13.1333,129000
2023-05-25 18:28:14,33,W+R,0,False,False,False,B,-0.85,13.1402,129000
2023-05-25 18:28:40,103,W+6.5,13,True,True,False,B,-0.85,13.2638,129000
2023-05-25 18:28:50,32,B+R,0,False,False,False,W,-0.85,13.2664,129000
2023-05-25 18:29:14,79,W+6.5,5,True,True,False,B,-0.85,13.4131,129000
2023-05-25 18:29:25,33,W+R,0,False,False,False,B,-0.85,13.4298,129000
2023-05-25 18:29:49,84,W+7.5,5,True,True,False,B,-0.85,13.2829,129000
2023-05-25 18:29:59,32,B+R,0,False,False,False,W,-0.85,13.2733,129000
2023-05-25 18:30:09,33,W+R,0,False,False,False,B,-0.85,13.2675,129000
2023-05-25 18:30:19,33,W+R,0,False,False,False,B,-0.85,13.1056,129000
2023-05-25 18:30:29,32,B+R,0,False,False,False,W,-0.85,13.0989,129000
2023-05-25 18:30:41,36,B+R,0,False,False,False,W,-0.85,13.1212,129000
2023-05-25 18:31:10,113,W+2.5,25,True,True,False,B,-0.85,13.3333,129000
2023-05-25 18:31:27,58,B+R,0,False,False,False,W,-0.85,13.4371,129000
2023-05-25 18:31:37,33,W+R,0,False,False,False,B,-0.85,13.4446,129000
2023-05-25 18:31:47,45,W+R,0,False,False,False,B,-0.85,13.4352,129000
2023-05-25 18:31:57,33,W+R,0,False,False,False,B,-0.85,13.4362,129000
2023-05-25 18:32:05,32,B+R,0,False,False,False,W,-0.85,13.4191,129000
2023-05-25 18:32:24,72,W+4.5,4,True,True,False,B,-0.85,13.5153,129000
2023-05-25 18:32:32,33,W+R,0,False,False,False,B,-0.85,13.4848,129000
2023-05-25 18:32:41,33,W+R,0,False,False,False,B,-0.85,13.4626,129000
2023-05-25 18:32:52,47,W+R,0,False,False,False,B,-0.85,13.4526,129000
2023-05-25 18:32:58,33,W+R,0,False,False,False,B,-0.85,13.3767,129000
2023-05-25 18:33:04,33,W+R,0,False,False,False,B,-0.85,13.3342,129000
2023-05-25 18:33:11,32,B+R,0,False,False,False,W,-0.85,13.2953,129000
2023-05-25 18:33:31,65,W+R,1,False,False,False,B,-0.85,13.2564,129000
2023-05-25 18:33:41,33,W+R,0,False,False,False,B,-0.85,13.2558,129000
2023-05-25 18:33:58,72,W+1.5,6,True,True,False,B,-0.85,13.3287,129000
2023-05-25 18:34:20,79,B+9.5,3,True,True,False,W,-0.85,13.415,129000
2023-05-25 18:34:27,33,W+R,0,False,False,False,B,-0.85,13.3948,129000
2023-05-25 18:34:39,67,B+9.5,6,True,True,False,W,-0.85,13.419,129000
2023-05-25 18:34:49,33,W+R,0,False,False,False,B,-0.85,13.2592,129000
2023-05-25 18:35:09,66,B+R,1,False,False,False,W,-0.85,13.3599,129000
2023-05-25 18:35:18,33,W+R,0,False,False,False,B,-0.85,13.3478,129000
2023-05-25 18:35:28,33,W+R,0,False,False,False,B,-0.85,13.1896,129000
2023-05-25 18:35:38,33,W+R,0,False,False,False,B,-0.85,13.1324,129000
2023-05-25 18:35:49,32,B+R,0,False,False,False,W,-0.85,13.1451,129000
2023-05-25 18:35:59,33,W+R,0,False,False,False,B,-0.85,13.1426,129000
2023-05-25 18:36:08,32,B+R,0,False,False,False,W,-0.85,13.1362,129000
2023-05-25 18:36:16,33,W+R,0,False,False,False,B,-0.85,13.0074,129000
2023-05-25 18:36:27,33,W+R,0,False,False,False,B,-0.85,12.9673,129000
2023-05-25 18:38:01,32,B+R,0,False,False,False,W,-0.85,12.812,130000
2023-05-25 18:38:12,38,B+R,0,False,False,False,W,-0.85,12.7899,130000
2023-05-25 18:38:22,32,B+R,0,False,False,False,W,-0.85,12.8077,130000
2023-05-25 18:38:31,33,W+R,0,False,False,False,B,-0.85,12.7954,130000
2023-05-25 18:38:39,33,W+R,0,False,False,False,B,-0.85,12.7619,130000
2023-05-25 18:38:59,66,B+R,0,False,False,False,W,-0.85,12.8712,130000
2023-05-25 18:39:07,33,W+R,0,False,False,False,B,-0.85,12.8495,130000
2023-05-25 18:39:23,51,W+R,0,False,False,False,B,-0.85,12.8939,130000
2023-05-25 18:39:31,33,W+R,0,False,False,False,B,-0.85,12.87,130000
2023-05-25 18:39:46,44,B+R,0,False,False,False,W,-0.85,12.7508,130000
2023-05-25 18:39:54,34,B+R,0,False,False,False,W,-0.85,12.7352,130000
2023-05-25 18:40:04,33,W+R,0,False,False,False,B,-0.85,12.753,130000
2023-05-25 18:40:14,33,W+R,0,False,False,False,B,-0.85,12.7354,130000
2023-05-25 18:40:23,33,W+R,0,False,False,False,B,-0.85,12.7207,130000
2023-05-25 18:41:02,130,B+1.5,14,True,True,False,W,-0.85,13.0159,130000
2023-05-25 18:41:11,32,B+R,0,False,False,False,W,-0.85,13.0098,130000
2023-05-25 18:41:19,33,W+R,0,False,False,False,B,-0.85,13.0024,130000
2023-05-25 18:41:29,33,W+R,0,False,False,False,B,-0.85,13.0194,130000
2023-05-25 18:41:37,32,B+R,0,False,False,False,W,-0.85,13.0136,130000
2023-05-25 18:41:47,33,W+R,0,False,False,False,B,-0.85,12.9809,130000
2023-05-25 18:41:54,33,W+R,0,False,False,False,B,-0.85,12.9487,130000
2023-05-25 18:42:04,33,W+R,0,False,False,False,B,-0.85,12.9552,130000
2023-05-25 18:42:16,36,B+R,0,False,False,False,W,-0.85,12.8291,130000
2023-05-25 18:42:25,33,W+R,0,False,False,False,B,-0.85,12.6998,130000
2023-05-25 18:42:36,33,W+R,0,False,False,False,B,-0.85,12.6263,130000
2023-05-25 18:42:45,33,W+R,0,False,False,False,B,-0.85,12.6123,130000
2023-05-25 18:42:54,33,W+R,0,False,False,False,B,-0.85,12.6011,130000
2023-05-25 18:43:06,33,W+R,0,False,False,False,B,-0.85,12.385,130000
2023-05-25 18:43:15,32,B+R,0,False,False,False,W,-0.85,12.3709,130000
2023-05-25 18:43:25,32,B+R,0,False,False,False,W,-0.85,12.3604,130000
2023-05-25 18:43:36,33,W+R,0,False,False,False,B,-0.85,12.2529,130000
2023-05-25 18:43:44,33,W+R,0,False,False,False,B,-0.85,12.238,130000
2023-05-25 18:44:07,83,W+14.5,6,True,True,False,B,-0.85,12.3718,130000
2023-05-25 18:44:20,47,W+R,0,False,False,False,B,-0.85,12.4137,130000
2023-05-25 18:44:31,33,W+R,0,False,False,False,B,-0.85,12.4138,130000
2023-05-25 18:44:44,40,B+R,0,False,False,False,W,-0.85,12.4068,130000
2023-05-25 18:45:03,64,B+R,0,False,False,False,W,-0.85,12.4979,130000
2023-05-25 18:45:14,33,W+R,0,False,False,False,B,-0.85,12.5183,130000
2023-05-25 18:45:22,33,W+R,0,False,False,False,B,-0.85,12.4773,130000
2023-05-25 18:45:30,33,W+R,0,False,False,False,B,-0.85,12.4584,130000
2023-05-25 18:45:41,33,W+R,0,False,False,False,B,-0.85,12.4337,130000
2023-05-25 18:45:51,33,W+R,0,False,False,False,B,-0.85,12.2342,130000
2023-05-25 18:45:58,33,W+R,1,False,False,False,B,-0.85,12.2157,130000
2023-05-25 18:46:13,58,B+R,0,False,False,False,W,-0.85,12.1787,130000
2023-05-25 18:46:43,105,W+10.5,10,True,True,False,B,-0.85,12.3846,130000
2023-05-25 18:46:53,33,W+R,0,False,False,False,B,-0.85,12.3352,130000
2023-05-25 18:48:35,67,W+R,0,False,False,False,B,-0.85,12.4596,131000
2023-05-25 18:48:49,45,W+R,0,False,False,False,B,-0.85,12.483,131000
2023-05-25 18:49:00,33,W+R,0,False,False,False,B,-0.85,12.3646,131000
2023-05-25 18:49:24,88,B+4.5,9,True,True,False,W,-0.85,12.4985,131000
2023-05-25 18:49:34,33,W+R,0,False,False,False,B,-0.85,12.315,131000
2023-05-25 18:49:46,37,W+R,0,False,False,False,B,-0.85,12.3302,131000
2023-05-25 18:49:55,33,W+R,0,False,False,False,B,-0.85,12.2398,131000
2023-05-25 18:50:07,33,W+R,0,False,False,False,B,-0.85,12.2548,131000
2023-05-25 18:50:15,33,W+R,0,False,False,False,B,-0.85,12.1981,131000
2023-05-25 18:50:24,33,W+R,0,False,False,False,B,-0.85,12.1909,131000
2023-05-25 18:50:35,32,B+R,0,False,False,False,W,-0.85,12.1974,131000
2023-05-25 18:50:44,33,W+R,0,False,False,False,B,-0.85,12.1941,131000
2023-05-25 18:50:52,43,W+R,0,False,False,False,B,-0.85,12.1762,131000
2023-05-25 18:51:09,91,W+7.5,12,True,True,False,B,-0.85,12.0835,131000
2023-05-25 18:51:15,32,B+R,0,False,False,False,W,-0.85,12.0402,131000
2023-05-25 18:51:23,33,W+R,0,False,False,False,B,-0.85,11.8929,131000
2023-05-25 18:51:34,32,B+R,0,False,False,False,W,-0.85,11.8861,131000
2023-05-25 18:51:53,65,W+R,0,False,False,False,B,-0.85,11.8383,131000
2023-05-25 18:52:04,33,W+R,0,False,False,False,B,-0.85,11.8463,131000
2023-05-25 18:52:12,32,B+R,0,False,False,False,W,-0.85,11.8299,131000
2023-05-25 18:52:19,33,W+R,0,False,False,False,B,-0.85,11.7981,131000
2023-05-25 18:52:40,86,B+1.5,10,True,True,False,W,-0.85,11.9048,131000
2023-05-25 18:52:50,33,W+R,0,False,False,False,B,-0.85,11.8925,131000
2023-05-25 18:53:01,33,W+R,0,False,False,False,B,-0.85,11.7081,131000
2023-05-25 18:53:11,33,W+R,0,False,False,False,B,-0.85,11.6403,131000
2023-05-25 18:53:22,32,B+R,0,False,False,False,W,-0.85,11.6442,131000
2023-05-25 18:53:32,33,W+R,0,False,False,False,B,-0.85,11.6392,131000
2023-05-25 18:53:42,33,W+R,0,False,False,False,B,-0.85,11.6486,131000
2023-05-25 18:53:52,33,W+R,0,False,False,False,B,-0.85,11.6679,131000
2023-05-25 18:54:02,32,B+R,0,False,False,False,W,-0.85,11.5735,131000
2023-05-25 18:54:12,33,W+R,0,False,False,False,B,-0.85,11.5965,131000
2023-05-25 18:54:25,44,B+R,0,False,False,False,W,-0.85,11.6416,131000
2023-05-25 18:54:37,38,B+R,0,False,False,False,W,-0.85,11.6536,131000
2023-05-25 18:54:50,43,W+R,0,False,False,False,B,-0.85,11.7151,131000
2023-05-25 18:55:04,47,W+R,0,False,False,False,B,-0.85,11.7929,131000
2023-05-25 18:55:15,33,W+R,0,False,False,False,B,-0.85,11.8327,131000
2023-05-25 18:55:23,32,B+R,0,False,False,False,W,-0.85,11.7183,131000
2023-05-25 18:55:33,33,W+R,0,False,False,False,B,-0.85,11.7144,131000
2023-05-25 18:55:42,33,W+R,0,False,False,False,B,-0.85,11.6382,131000
2023-05-25 18:55:50,32,B+R,0,False,False,False,W,-0.85,11.5032,131000
2023-05-25 18:56:00,33,W+R,0,False,False,False,B,-0.85,11.5278,131000
2023-05-25 18:56:11,33,W+R,0,False,False,False,B,-0.85,11.52,131000
2023-05-25 18:56:22,33,W+R,0,False,False,False,B,-0.85,11.5263,131000
2023-05-25 18:56:31,32,B+R,0,False,False,False,W,-0.85,11.4103,131000
2023-05-25 18:56:39,33,W+R,0,False,False,False,B,-0.85,11.4018,131000
2023-05-25 18:56:49,37,W+R,0,False,False,False,B,-0.85,11.4036,131000
2023-05-25 18:57:00,33,W+R,0,False,False,False,B,-0.85,11.4118,131000
2023-05-25 18:57:10,33,W+R,0,False,False,False,B,-0.85,11.4027,131000
2023-05-25 18:58:45,48,B+R,0,False,False,False,W,-0.85,11.4607,132000
2023-05-25 18:59:21,91,W+R,4,False,False,False,B,-0.85,11.73,132000
2023-05-25 18:59:46,71,B+1.5,4,False,False,False,,-0.85,11.8732,132000
2023-05-25 18:59:56,33,W+R,0,False,False,False,B,-0.85,11.8037,132000
2023-05-25 19:00:12,56,B+R,0,False,False,False,W,-0.85,11.8774,132000
2023-05-25 19:00:21,33,W+R,0,False,False,False,B,-0.85,11.864,132000
2023-05-25 19:00:31,33,W+R,0,False,False,False,B,-0.85,11.8671,132000
2023-05-25 19:00:40,33,W+R,0,False,False,False,B,-0.85,11.8554,132000
2023-05-25 19:01:07,88,B+R,10,False,False,False,W,-0.85,12.0497,132000
2023-05-25 19:01:16,33,W+R,0,False,False,False,B,-0.85,11.9355,132000
2023-05-25 19:01:26,33,W+R,0,False,False,False,B,-0.85,11.9661,132000
2023-05-25 19:01:36,37,W+R,0,False,False,False,B,-0.85,11.8999,132000
2023-05-25 19:01:46,33,W+R,0,False,False,False,B,-0.85,11.9184,132000
2023-05-25 19:02:04,63,W+R,0,False,False,False,B,-0.85,11.9537,132000
2023-05-25 19:02:13,32,B+R,0,False,False,False,W,-0.85,11.9641,132000
2023-05-25 19:02:22,33,W+R,0,False,False,False,B,-0.85,11.9576,132000
2023-05-25 19:02:32,32,B+R,0,False,False,False,W,-0.85,11.955,132000
2023-05-25 19:02:44,33,W+R,0,False,False,False,B,-0.85,11.981,132000
2023-05-25 19:02:53,33,W+R,0,False,False,False,B,-0.85,11.6854,132000
2023-05-25 19:03:03,33,W+R,0,False,False,False,B,-0.85,11.6963,132000
2023-05-25 19:03:15,33,W+R,0,False,False,False,B,-0.85,11.7272,132000
2023-05-25 19:03:24,33,W+R,0,False,False,False,B,-0.85,11.726,132000
2023-05-25 19:03:37,49,W+R,0,False,False,False,B,-0.85,11.7722,132000
2023-05-25 19:03:48,33,W+R,0,False,False,False,B,-0.85,11.781,132000
2023-05-25 19:03:58,33,W+R,0,False,False,False,B,-0.85,11.8146,132000
2023-05-25 19:04:24,92,W+6.5,11,True,True,False,B,-0.85,11.9712,132000
2023-05-25 19:04:39,52,B+R,0,False,False,False,W,-0.85,11.9997,132000
2023-05-25 19:04:49,33,W+R,0,False,False,False,B,-0.85,12.0136,132000
2023-05-25 19:05:08,64,B+R,3,False,False,False,W,-0.85,12.0957,132000
2023-05-25 19:05:18,33,W+R,0,False,False,False,B,-0.85,12.0966,132000
2023-05-25 19:05:28,32,B+R,0,False,False,False,W,-0.85,12.1042,132000
2023-05-25 19:05:38,32,B+R,0,False,False,False,W,-0.85,12.0948,132000
2023-05-25 19:06:03,101,W+0.5,13,True,True,False,B,-0.85,12.2602,132000
2023-05-25 19:06:14,33,W+R,0,False,False,False,B,-0.85,12.2591,132000
2023-05-25 19:06:27,47,W+R,0,False,False,False,B,-0.85,12.2829,132000
2023-05-25 19:06:36,33,W+R,0,False,False,False,B,-0.85,12.2921,132000
2023-05-25 19:06:46,33,W+R,0,False,False,False,B,-0.85,12.164,132000
2023-05-25 19:06:56,33,W+R,0,False,False,False,B,-0.85,12.1306,132000
2023-05-25 19:07:05,33,W+R,0,False,False,False,B,-0.85,12.1093,132000
2023-05-25 19:07:13,32,B+R,0,False,False,False,W,-0.85,12.0655,132000
2023-05-25 19:07:23,37,W+R,0,False,False,False,B,-0.85,11.9733,132000
2023-05-25 19:07:32,33,W+R,0,False,False,False,B,-0.85,11.9524,132000
2023-05-25 19:07:42,33,W+R,0,False,False,False,B,-0.85,11.9788,132000
2023-05-25 19:07:52,33,W+R,0,False,False,False,B,-0.85,11.9988,132000
2023-05-25 19:09:16,33,W+R,1,False,False,False,B,-0.85,11.9662,133000
2023-05-25 19:09:26,33,W+R,0,False,False,False,B,-0.85,11.9907,133000
2023-05-25 19:09:41,50,B+R,0,False,False,False,W,-0.85,11.9966,133000
2023-05-25 19:09:52,33,W+R,0,False,False,False,B,-0.85,11.8092,133000
2023-05-25 19:10:03,33,W+R,0,False,False,False,B,-0.85,11.8225,133000
2023-05-25 19:10:14,33,W+R,0,False,False,False,B,-0.85,11.8339,133000
2023-05-25 19:10:25,33,W+R,0,False,False,False,B,-0.85,11.7247,133000
2023-05-25 19:10:40,60,B+R,0,False,False,False,W,-0.85,11.7426,133000
2023-05-25 19:10:49,33,W+R,0,False,False,False,B,-0.85,11.7187,133000
2023-05-25 19:11:00,33,W+R,0,False,False,False,B,-0.85,11.5899,133000
2023-05-25 19:11:09,33,W+R,0,False,False,False,B,-0.85,11.5782,133000
2023-05-25 19:11:19,33,W+R,0,False,False,False,B,-0.85,11.5551,133000
2023-05-25 19:11:28,33,W+R,0,False,False,False,B,-0.85,11.5618,133000
2023-05-25 19:11:45,66,W+4.5,8,True,True,False,B,-0.85,11.6033,133000
2023-05-25 19:11:53,32,B+R,0,False,False,False,W,-0.85,11.6079,133000
2023-05-25 19:12:04,40,B+R,0,False,False,False,W,-0.85,11.6287,133000
2023-05-25 19:12:14,33,W+R,0,False,False,False,B,-0.85,11.6193,133000
2023-05-25 19:12:23,33,W+R,0,False,False,False,B,-0.85,11.6212,133000
2023-05-25 19:12:30,32,B+R,0,False,False,False,W,-0.85,11.611,133000
2023-05-25 19:12:40,33,W+R,0,False,False,False,B,-0.85,11.5445,133000
2023-05-25 19:12:47,32,B+R,0,False,False,False,W,-0.85,11.557,133000
2023-05-25 19:13:05,64,B+1.5,4,True,True,False,W,-0.85,11.6468,133000
2023-05-25 19:13:15,33,W+R,0,False,False,False,B,-0.85,11.643,133000
2023-05-25 19:13:24,33,W+R,0,False,False,False,B,-0.85,11.5395,133000
2023-05-25 19:13:35,33,W+R,0,False,False,False,B,-0.85,11.533,133000
2023-05-25 19:13:45,33,W+R,0,False,False,False,B,-0.85,11.5609,133000
2023-05-25 19:14:01,57,W+R,0,False,False,False,B,-0.85,11.6444,133000
2023-05-25 19:14:12,35,W+R,0,False,False,False,B,-0.85,11.5455,133000
2023-05-25 19:14:24,38,B+R,0,False,False,False,W,-0.85,11.5604,133000
2023-05-25 19:14:33,33,W+R,0,False,False,False,B,-0.85,11.5485,133000
2023-05-25 19:14:51,51,W+R,0,False,False,False,B,-0.85,11.6217,133000
2023-05-25 19:15:09,67,W+R,2,False,False,False,B,-0.85,11.7017,133000
2023-05-25 19:15:19,35,W+R,0,False,False,False,B,-0.85,11.7032,133000
2023-05-25 19:15:29,32,B+R,0,False,False,False,W,-0.85,11.6936,133000
2023-05-25 19:15:39,33,W+R,0,False,False,False,B,-0.85,11.699,133000
2023-05-25 19:15:48,33,W+R,0,False,False,False,B,-0.85,11.692,133000
2023-05-25 19:15:57,33,W+R,0,False,False,False,B,-0.85,11.6837,133000
2023-05-25 19:16:08,33,W+R,0,False,False,False,B,-0.85,11.6553,133000
2023-05-25 19:16:18,33,W+R,0,False,False,False,B,-0.85,11.6332,133000
2023-05-25 19:16:31,41,W+R,0,False,False,False,B,-0.85,11.6366,133000
2023-05-25 19:16:43,50,B+R,0,False,False,False,W,-0.85,11.6205,133000
2023-05-25 19:16:54,32,B+R,0,False,False,False,W,-0.85,11.6224,133000
2023-05-25 19:17:03,33,W+R,0,False,False,False,B,-0.85,11.625,133000
2023-05-25 19:17:14,33,W+R,0,False,False,False,B,-0.85,11.6473,133000
2023-05-25 19:17:24,33,W+R,0,False,False,False,B,-0.85,11.6487,133000
2023-05-25 19:17:33,33,W+R,0,False,False,False,B,-0.85,11.6585,133000
2023-05-25 19:17:47,45,W+R,1,False,False,False,B,-0.85,11.6905,133000
2023-05-25 19:17:56,35,W+R,0,False,False,False,B,-0.85,11.6798,133000
2023-05-25 19:19:27,33,W+R,0,False,False,False,B,-0.85,11.6876,134000
2023-05-25 19:19:37,33,W+R,0,False,False,False,B,-0.85,11.7015,134000
2023-05-25 19:19:46,33,W+R,0,False,False,False,B,-0.85,11.7,134000
2023-05-25 19:19:56,33,W+R,0,False,False,False,B,-0.85,11.6791,134000
2023-05-25 19:20:10,46,B+R,0,False,False,False,W,-0.85,11.7222,134000
2023-05-25 19:20:19,32,B+R,0,False,False,False,W,-0.85,11.7233,134000
2023-05-25 19:20:29,32,B+R,0,False,False,False,W,-0.85,11.6707,134000
2023-05-25 19:20:40,33,W+R,0,False,False,False,B,-0.85,11.4241,134000
2023-05-25 19:20:51,33,W+R,0,False,False,False,B,-0.85,11.2843,134000
2023-05-25 19:21:20,85,B+7.5,4,True,True,False,W,-0.85,11.4762,134000
2023-05-25 19:21:32,35,W+R,0,False,False,False,B,-0.85,11.4296,134000
2023-05-25 19:21:42,33,W+R,0,False,False,False,B,-0.85,11.44,134000
2023-05-25 19:21:51,32,B+R,0,False,False,False,W,-0.85,11.436,134000
2023-05-25 19:22:01,32,B+R,0,False,False,False,W,-0.85,11.4449,134000
2023-05-25 19:22:30,97,W+5.5,13,True,True,False,B,-0.85,11.4592,134000
2023-05-25 19:22:40,33,W+R,0,False,False,False,B,-0.85,11.4787,134000
2023-05-25 19:22:57,64,B+4.5,6,True,True,False,W,-0.85,11.5448,134000
2023-05-25 19:23:16,63,W+R,3,False,False,False,B,-0.85,11.6344,134000
2023-05-25 19:23:25,33,W+R,0,False,False,False,B,-0.85,11.629,134000
2023-05-25 19:23:35,32,B+R,0,False,False,False,W,-0.85,11.5475,134000
2023-05-25 19:23:45,32,B+R,0,False,False,False,W,-0.85,11.5507,134000
2023-05-25 19:23:55,33,W+R,0,False,False,False,B,-0.85,11.5559,134000
2023-05-25 19:24:06,33,W+R,0,False,False,False,B,-0.85,11.5688,134000
2023-05-25 19:24:27,69,W+R,0,False,False,False,B,-0.85,11.668,134000
2023-05-25 19:24:39,33,W+R,0,False,False,False,B,-0.85,11.6902,134000
2023-05-25 19:24:50,36,B+R,0,False,False,False,W,-0.85,11.6976,134000
2023-05-25 19:25:03,40,B+R,0,False,False,False,W,-0.85,11.7149,134000
2023-05-25 19:25:20,62,B+R,0,False,False,False,W,-0.85,11.793,134000
2023-05-25 19:25:30,33,W+R,0,False,False,False,B,-0.85,11.763,134000
2023-05-25 19:25:40,32,B+R,0,False,False,False,W,-0.85,11.751,134000
2023-05-25 19:25:49,33,W+R,0,False,False,False,B,-0.85,11.7393,134000
2023-05-25 19:25:57,32,B+R,0,False,False,False,W,-0.85,11.5713,134000
2023-05-25 19:26:05,33,W+R,0,False,False,False,B,-0.85,11.4954,134000
2023-05-25 19:26:16,32,B+R,0,False,False,False,W,-0.85,11.503,134000
2023-05-25 19:26:26,33,W+R,0,False,False,False,B,-0.85,11.4155,134000
2023-05-25 19:26:36,33,W+R,0,False,False,False,B,-0.85,11.4161,134000
2023-05-25 19:27:00,93,W+15.5,8,True,True,False,B,-0.85,11.5561,134000
2023-05-25 19:27:09,33,W+R,0,False,False,False,B,-0.85,11.5466,134000
2023-05-25 19:27:18,32,B+R,0,False,False,False,W,-0.85,11.3763,134000
2023-05-25 19:27:28,33,W+R,0,False,False,False,B,-0.85,11.3732,134000
2023-05-25 19:27:37,33,W+R,0,False,False,False,B,-0.85,11.3361,134000
2023-05-25 19:27:46,33,W+R,0,False,False,False,B,-0.85,11.3327,134000
2023-05-25 19:28:16,107,B+1.5,22,True,True,False,W,-0.85,11.5291,134000
2023-05-25 19:28:31,51,W+R,0,False,False,False,B,-0.85,11.5776,134000
2023-05-25 19:30:02,33,W+R,0,False,False,False,B,-0.85,11.6862,135000
2023-05-25 19:30:15,43,W+R,0,False,False,False,B,-0.85,11.7141,135000
2023-05-25 19:30:24,33,W+R,0,False,False,False,B,-0.85,11.7152,135000
2023-05-25 19:30:34,33,W+R,0,False,False,False,B,-0.85,11.7101,135000
2023-05-25 19:31:00,91,B+5.5,5,True,True,False,W,-0.85,11.8752,135000
2023-05-25 19:31:10,33,W+R,0,False,False,False,B,-0.85,11.8821,135000
2023-05-25 19:31:23,49,W+R,0,False,False,False,B,-0.85,11.9264,135000
2023-05-25 19:31:34,34,B+R,0,False,False,False,W,-0.85,11.9384,135000
2023-05-25 19:31:44,33,W+R,0,False,False,False,B,-0.85,11.8863,135000
2023-05-25 19:32:15,92,W+0.5,11,False,False,False,,-0.85,12.0847,135000
2023-05-25 19:32:26,35,W+R,0,False,False,False,B,-0.85,12.0742,135000
2023-05-25 19:32:36,33,W+R,0,False,False,False,B,-0.85,12.0683,135000
2023-05-25 19:32:45,33,W+R,0,False,False,False,B,-0.85,12.0607,135000
2023-05-25 19:32:55,32,B+R,0,False,False,False,W,-0.85,12.0035,135000
2023-05-25 19:33:05,33,W+R,0,False,False,False,B,-0.85,12.0129,135000
2023-05-25 19:33:16,39,W+R,0,False,False,False,B,-0.85,12.0222,135000
2023-05-25 19:33:30,48,B+R,0,False,False,False,W,-0.85,12.0699,135000
2023-05-25 19:33:42,41,W+R,0,False,False,False,B,-0.85,12.0897,135000
2023-05-25 19:33:52,33,W+R,0,False,False,False,B,-0.85,12.0931,135000
2023-05-25 19:34:20,108,W+11.5,15,True,True,False,B,-0.85,12.2122,135000
2023-05-25 19:34:30,33,W+R,0,False,False,False,B,-0.85,12.2263,135000
2023-05-25 19:34:40,33,W+R,0,False,False,False,B,-0.85,12.2113,135000
2023-05-25 19:35:02,67,W+R,1,False,False,False,B,-0.85,12.3358,135000
2023-05-25 19:35:22,61,W+R,0,False,False,False,B,-0.85,12.4381,135000
2023-05-25 19:35:29,33,W+R,0,False,False,False,B,-0.85,12.4469,135000
2023-05-25 19:36:08,162,B+R,24,False,False,False,W,-0.85,12.733,135000
2023-05-25 19:36:21,42,B+R,0,False,False,False,W,-0.85,12.7886,135000
2023-05-25 19:36:31,33,W+R,0,False,False,False,B,-0.85,12.7178,135000
2023-05-25 19:36:46,51,W+R,0,False,False,False,B,-0.85,12.762,135000
2023-05-25 19:36:56,33,W+R,0,False,False,False,B,-0.85,12.77,135000
2023-05-25 19:37:06,33,W+R,0,False,False,False,B,-0.85,12.7675,135000
2023-05-25 19:37:30,83,W+R,9,False,False,False,B,-0.85,12.9018,135000
2023-05-25 19:37:40,33,W+R,0,False,False,False,B,-0.85,12.8447,135000
2023-05-25 19:37:50,33,W+R,0,False,False,False,B,-0.85,12.831,135000
2023-05-25 19:37:58,33,W+R,0,False,False,False,B,-0.85,12.8011,135000
2023-05-25 19:38:08,33,W+R,0,False,False,False,B,-0.85,12.8029,135000
2023-05-25 19:38:17,33,W+R,0,False,False,False,B,-0.85,12.7204,135000
2023-05-25 19:38:28,33,W+R,0,False,False,False,B,-0.85,12.6425,135000
2023-05-25 19:38:38,33,W+R,0,False,False,False,B,-0.85,12.6417,135000
2023-05-25 19:38:50,45,W+R,0,False,False,False,B,-0.85,12.6633,135000
2023-05-25 19:38:59,33,W+R,0,False,False,False,B,-0.85,12.6499,135000
2023-05-25 19:40:37,33,W+R,0,False,False,False,B,-0.85,12.7128,136000
2023-05-25 19:41:00,98,W+8.5,25,True,True,False,B,-0.85,12.8392,136000
2023-05-25 19:41:06,33,W+R,0,False,False,False,B,-0.85,12.8052,136000
2023-05-25 19:41:37,162,W+6.5,39,True,True,False,B,-0.85,12.9828,136000
2023-05-25 19:41:46,33,W+R,0,False,False,False,B,-0.85,12.9519,136000
2023-05-25 19:41:55,36,B+R,0,False,False,False,W,-0.85,12.9304,136000
2023-05-25 19:42:05,32,B+R,0,False,False,False,W,-0.85,12.9434,136000
2023-05-25 19:42:15,32,B+R,0,False,False,False,W,-0.85,12.9205,136000
2023-05-25 19:42:26,38,B+R,0,False,False,False,W,-0.85,12.941,136000
2023-05-25 19:42:48,67,W+R,0,False,False,False,B,-0.85,13.068,136000
2023-05-25 19:42:57,32,B+R,0,False,False,False,W,-0.85,13.0245,136000
2023-05-25 19:43:22,85,W+R,12,False,False,False,B,-0.85,13.1734,136000
2023-05-25 19:43:29,33,W+R,0,False,False,False,B,-0.85,13.1484,136000
2023-05-25 19:43:38,33,W+R,0,False,False,False,B,-0.85,13.1318,136000
2023-05-25 19:43:47,33,W+R,0,False,False,False,B,-0.85,13.1285,136000
2023-05-25 19:43:57,33,W+R,0,False,False,False,B,-0.85,13.1329,136000
2023-05-25 19:44:19,70,B+R,2,False,False,False,W,-0.85,13.2553,136000
2023-05-25 19:44:43,112,W+1.5,23,True,True,False,B,-0.85,13.3599,136000
2023-05-25 19:44:54,33,W+R,0,False,False,False,B,-0.85,13.3707,136000
2023-05-25 19:45:02,33,W+R,0,False,False,False,B,-0.85,13.3602,136000
2023-05-25 19:45:12,33,W+R,0,False,False,False,B,-0.85,13.3472,136000
2023-05-25 19:45:22,33,W+R,0,False,False,False,B,-0.85,13.3356,136000
2023-05-25 19:45:31,32,B+R,0,False,False,False,W,-0.85,13.1382,136000
2023-05-25 19:45:49,54,B+R,0,False,False,False,W,-0.85,13.1954,136000
2023-05-25 19:45:58,32,B+R,0,False,False,False,W,-0.85,13.1857,136000
2023-05-25 19:46:15,62,B+R,0,False,False,False,W,-0.85,13.2606,136000
2023-05-25 19:46:35,76,B+R,6,False,False,False,W,-0.85,13.3723,136000
2023-05-25 19:46:46,33,W+R,0,False,False,False,B,-0.85,13.1939,136000
2023-05-25 19:46:57,33,W+R,0,False,False,False,B,-0.85,13.1988,136000
2023-05-25 19:47:07,33,W+R,0,False,False,False,B,-0.85,13.1234,136000
2023-05-25 19:47:18,33,W+R,0,False,False,False,B,-0.85,13.0447,136000
2023-05-25 19:47:30,43,W+R,0,False,False,False,B,-0.85,13.0733,136000
2023-05-25 19:47:46,53,W+R,0,False,False,False,B,-0.85,13.1333,136000
2023-05-25 19:47:55,33,W+R,0,False,False,False,B,-0.85,13.1254,136000
2023-05-25 19:48:17,78,B+R,0,False,False,False,W,-0.85,13.2515,136000
2023-05-25 19:48:26,38,B+R,0,False,False,False,W,-0.85,13.2307,136000
2023-05-25 19:48:36,34,B+R,0,False,False,False,W,-0.85,13.1149,136000
2023-05-25 19:48:44,33,W+R,0,False,False,False,B,-0.85,13.0775,136000
2023-05-25 19:48:51,33,W+R,0,False,False,False,B,-0.85,13.0375,136000
2023-05-25 19:48:59,32,B+R,0,False,False,False,W,-0.85,12.9911,136000
2023-05-25 19:49:10,33,W+R,0,False,False,False,B,-0.85,12.9212,136000
2023-05-25 19:49:17,33,W+R,0,False,False,False,B,-0.85,12.894,136000
2023-05-25 19:49:39,70,B+R,1,False,False,False,W,-0.85,13.0178,136000
2023-05-25 19:49:48,32,B+R,0,False,False,False,W,-0.85,13.017,136000
2023-05-25 19:51:15,33,W+R,0,False,False,False,B,-0.85,13.0431,137000
2023-05-25 19:51:53,162,W+5.5,26,True,True,False,B,-0.85,13.3088,137000
2023-05-25 19:52:30,162,W+11.5,25,True,False,False,,-0.85,13.5762,137000
2023-05-25 19:52:42,43,B+3.5,5,False,False,False,,-0.85,13.6036,137000
2023-05-25 19:52:52,33,W+R,0,False,False,False,B,-0.85,13.4662,137000
2023-05-25 19:53:03,33,W+R,0,False,False,False,B,-0.85,13.4774,137000
2023-05-25 19:53:12,33,W+R,0,False,False,False,B,-0.85,13.4799,137000
2023-05-25 19:53:22,33,W+R,0,False,False,False,B,-0.85,13.4805,137000
2023-05-25 19:53:47,92,B+3.5,3,True,True,False,W,-0.85,13.6401,137000
2023-05-25 19:53:53,33,W+R,0,False,False,False,B,-0.85,13.6157,137000
2023-05-25 19:54:07,60,W+17.5,3,True,True,False,B,-0.85,13.4523,137000
2023-05-25 19:54:27,61,W+R,0,False,False,False,B,-0.85,13.5007,137000
2023-05-25 19:54:36,33,W+R,0,False,False,False,B,-0.85,13.4294,137000
2023-05-25 19:54:51,45,W+R,0,False,False,False,B,-0.85,13.4634,137000
2023-05-25 19:55:01,33,W+R,0,False,False,False,B,-0.85,13.436,137000
2023-05-25 19:55:12,33,W+R,0,False,False,False,B,-0.85,13.4522,137000
2023-05-25 19:55:22,33,W+R,0,False,False,False,B,-0.85,13.4639,137000
2023-05-25 19:55:33,33,W+R,0,False,False,False,B,-0.85,13.3049,137000
2023-05-25 19:55:44,33,W+R,0,False,False,False,B,-0.85,13.3179,137000
2023-05-25 19:55:53,33,W+R,0,False,False,False,B,-0.85,13.2813,137000
2023-05-25 19:56:32,162,W+4.5,35,True,True,False,B,-0.85,13.5531,137000
2023-05-25 19:56:42,33,W+R,0,False,False,False,B,-0.85,13.5544,137000
2023-05-25 19:56:52,33,W+R,0,False,False,False,B,-0.85,13.3466,137000
2023-05-25 19:57:03,33,W+R,0,False,False,False,B,-0.85,13.3505,137000
2023-05-25 19:57:13,33,W+R,0,False,False,False,B,-0.85,13.3513,137000
2023-05-25 19:57:24,33,W+R,0,False,False,False,B,-0.85,13.3615,137000
2023-05-25 19:57:33,33,W+R,0,False,False,False,B,-0.85,13.3618,137000
2023-05-25 19:57:50,55,W+R,3,False,False,False,B,-0.85,13.4277,137000
2023-05-25 19:58:01,33,W+R,0,False,False,False,B,-0.85,13.4257,137000
2023-05-25 19:58:11,33,W+R,0,False,False,False,B,-0.85,13.3859,137000
2023-05-25 19:58:20,39,W+R,0,False,False,False,B,-0.85,13.3592,137000
2023-05-25 19:58:31,32,B+R,0,False,False,False,W,-0.85,13.3614,137000
2023-05-25 19:58:41,33,W+R,0,False,False,False,B,-0.85,13.1863,137000
2023-05-25 19:58:51,33,W+R,0,False,False,False,B,-0.85,13.1927,137000
2023-05-25 19:59:02,33,W+R,0,False,False,False,B,-0.85,13.1987,137000
2023-05-25 19:59:14,68,W+0.5,3,True,True,False,B,-0.85,13.1057,137000
2023-05-25 19:59:21,33,W+R,0,False,False,False,B,-0.85,12.9672,137000
2023-05-25 19:59:38,60,B+R,2,False,False,False,W,-0.85,13.0663,137000
2023-05-25 19:59:49,33,W+R,0,False,False,False,B,-0.85,12.7864,137000
2023-05-25 19:59:59,33,W+R,0,False,False,False,B,-0.85,12.7587,137000
2023-05-25 20:00:07,33,W+R,0,False,False,False,B,-0.85,12.7362,137000
2023-05-25 20:01:30,33,W+R,0,False,False,False,B,-0.85,12.6514,138000
2023-05-25 20:01:40,32,B+R,0,False,False,False,W,-0.85,12.6482,138000
2023-05-25 20:01:59,62,B+R,0,False,False,False,W,-0.85,12.6044,138000
2023-05-25 20:02:08,33,W+R,0,False,False,False,B,-0.85,12.5973,138000
2023-05-25 20:02:25,51,W+R,0,False,False,False,B,-0.85,12.662,138000
2023-05-25 20:02:35,33,W+R,0,False,False,False,B,-0.85,12.6811,138000
2023-05-25 20:02:44,33,W+R,0,False,False,False,B,-0.85,12.6678,138000
2023-05-25 20:02:54,33,W+R,0,False,False,False,B,-0.85,12.6772,138000
2023-05-25 20:03:03,33,W+R,0,False,False,False,B,-0.85,12.6549,138000
2023-05-25 20:03:12,32,B+R,0,False,False,False,W,-0.85,12.6522,138000
2023-05-25 20:03:22,33,W+R,0,False,False,False,B,-0.85,12.6361,138000
2023-05-25 20:03:34,48,B+R,0,False,False,False,W,-0.85,12.6594,138000
2023-05-25 20:03:53,58,B+R,0,False,False,False,W,-0.85,12.7128,138000
2023-05-25 20:04:03,33,W+R,0,False,False,False,B,-0.85,12.7044,138000
2023-05-25 20:04:12,32,B+R,0,False,False,False,W,-0.85,12.5658,138000
2023-05-25 20:04:40,78,B+R,1,False,False,False,W,-0.85,12.7829,138000
2023-05-25 20:04:49,33,W+R,0,False,False,False,B,-0.85,12.565,138000
2023-05-25 20:04:59,33,W+R,0,False,False,False,B,-0.85,12.5752,138000
2023-05-25 20:05:18,68,B+R,3,False,False,False,W,-0.85,12.6738,138000
2023-05-25 20:05:25,32,B+R,0,False,False,False,W,-0.85,12.6386,138000
2023-05-25 20:05:34,33,W+R,0,False,False,False,B,-0.85,12.6376,138000
2023-05-25 20:05:45,32,B+R,0,False,False,False,W,-0.85,12.6287,138000
2023-05-25 20:05:55,32,B+R,0,False,False,False,W,-0.85,12.5148,138000
2023-05-25 20:06:05,33,W+R,0,False,False,False,B,-0.85,12.5245,138000
2023-05-25 20:06:15,33,W+R,0,False,False,False,B,-0.85,12.3752,138000
2023-05-25 20:06:26,33,W+R,0,False,False,False,B,-0.85,12.417,138000
2023-05-25 20:06:49,65,W+R,0,False,False,False,B,-0.85,12.5628,138000
2023-05-25 20:07:06,53,W+R,0,False,False,False,B,-0.85,12.6408,138000
2023-05-25 20:07:16,33,W+R,0,False,False,False,B,-0.85,12.6356,138000
2023-05-25 20:07:37,74,B+R,0,False,False,False,W,-0.85,12.6268,138000
2023-05-25 20:07:51,45,W+R,0,False,False,False,B,-0.85,12.5255,138000
2023-05-25 20:08:01,39,W+R,0,False,False,False,B,-0.85,12.5171,138000
2023-05-25 20:08:10,32,B+R,0,False,False,False,W,-0.85,12.5265,138000
2023-05-25 20:08:25,44,B+R,0,False,False,False,W,-0.85,12.5774,138000
2023-05-25 20:08:38,45,W+R,0,False,False,False,B,-0.85,12.6104,138000
2023-05-25 20:08:50,33,W+R,0,False,False,False,B,-0.85,12.6281,138000
2023-05-25 20:08:58,32,B+R,0,False,False,False,W,-0.85,12.5437,138000
2023-05-25 20:09:08,33,W+R,0,False,False,False,B,-0.85,12.5503,138000
2023-05-25 20:09:18,33,W+R,0,False,False,False,B,-0.85,12.4767,138000
2023-05-25 20:09:28,33,W+R,0,False,False,False,B,-0.85,12.3707,138000
2023-05-25 20:09:35,33,W+R,0,False,False,False,B,-0.85,12.3308,138000
2023-05-25 20:09:41,32,B+R,0,False,False,False,W,-0.85,12.2784,138000
2023-05-25 20:09:48,33,W+R,0,False,False,False,B,-0.85,12.2509,138000
2023-05-25 20:09:55,32,B+R,0,False,False,False,W,-0.85,12.2249,138000
2023-05-25 20:10:06,33,W+R,0,False,False,False,B,-0.85,12.2068,138000
2023-05-25 20:10:16,33,W+R,0,False,False,False,B,-0.85,12.1489,138000
2023-05-25 20:10:27,41,W+R,0,False,False,False,B,-0.85,12.1711,138000
2023-05-25 20:10:34,32,B+R,0,False,False,False,W,-0.85,12.0148,138000
2023-05-25 20:10:45,33,W+R,0,False,False,False,B,-0.85,12.0309,138000
2023-05-25 20:12:22,76,W+2.5,3,True,True,False,B,-0.85,12.1255,139000
2023-05-25 20:12:36,43,W+R,0,False,False,False,B,-0.85,12.1982,139000
2023-05-25 20:12:55,65,W+11.5,5,True,True,False,B,-0.85,12.2985,139000
2023-05-25 20:13:05,32,B+R,0,False,False,False,W,-0.85,12.3004,139000
2023-05-25 20:13:21,57,B+1.5,7,True,True,False,W,-0.85,12.3868,139000
2023-05-25 20:13:36,51,W+R,0,False,False,False,B,-0.85,12.3199,139000
2023-05-25 20:13:48,33,W+R,0,False,False,False,B,-0.85,12.3425,139000
2023-05-25 20:13:58,33,W+R,0,False,False,False,B,-0.85,12.3699,139000
2023-05-25 20:14:20,74,W+17.5,7,True,True,False,B,-0.85,12.4819,139000
2023-05-25 20:14:32,51,W+R,0,False,False,False,B,-0.85,12.2256,139000
2023-05-25 20:14:44,61,B+3.5,4,True,True,False,W,-0.85,11.9724,139000
2023-05-25 20:14:54,33,W+R,0,False,False,False,B,-0.85,11.9455,139000
2023-05-25 20:15:04,33,W+R,0,False,False,False,B,-0.85,11.9473,139000
2023-05-25 20:15:14,33,W+R,0,False,False,False,B,-0.85,11.9454,139000
2023-05-25 20:15:25,33,W+R,0,False,False,False,B,-0.85,11.9646,139000
2023-05-25 20:15:36,33,W+R,0,False,False,False,B,-0.85,11.9723,139000
2023-05-25 20:15:45,32,B+R,0,False,False,False,W,-0.85,11.8114,139000
2023-05-25 20:15:55,33,W+R,0,False,False,False,B,-0.85,11.8471,139000
2023-05-25 20:16:04,33,W+R,0,False,False,False,B,-0.85,11.8075,139000
2023-05-25 20:16:14,33,W+R,0,False,False,False,B,-0.85,11.7039,139000
2023-05-25 20:16:23,33,W+R,0,False,False,False,B,-0.85,11.6977,139000
2023-05-25 20:16:32,32,B+R,0,False,False,False,W,-0.85,11.6455,139000
2023-05-25 20:16:42,33,W+R,1,False,False,False,B,-0.85,11.6406,139000
2023-05-25 20:16:53,33,W+R,0,False,False,False,B,-0.85,11.6477,139000
2023-05-25 20:17:02,33,W+R,0,False,False,False,B,-0.85,11.631,139000
2023-05-25 20:17:25,76,B+R,5,False,False,False,W,-0.85,11.749,139000
2023-05-25 20:17:33,33,W+R,0,False,False,False,B,-0.85,11.7274,139000
2023-05-25 20:17:44,33,W+R,0,False,False,False,B,-0.85,11.742,139000
2023-05-25 20:17:58,57,W+R,0,False,False,False,B,-0.85,11.4969,139000
2023-05-25 20:18:07,33,W+R,0,False,False,False,B,-0.85,11.4859,139000
2023-05-25 20:18:32,71,W+1.5,5,True,True,False,B,-0.85,11.6262,139000
2023-05-25 20:18:39,32,B+R,0,False,False,False,W,-0.85,11.598,139000
2023-05-25 20:18:46,33,W+R,0,False,False,False,B,-0.85,11.5619,139000
2023-05-25 20:19:18,115,B+1.5,22,True,True,False,W,-0.85,11.7716,139000
2023-05-25 20:19:41,85,B+4.5,6,True,True,False,W,-0.85,11.9094,139000
2023-05-25 20:19:50,33,W+R,0,False,False,False,B,-0.85,11.8345,139000
2023-05-25 20:20:05,47,W+R,0,False,False,False,B,-0.85,11.8666,139000
2023-05-25 20:20:13,33,W+R,0,False,False,False,B,-0.85,11.8532,139000
2023-05-25 20:20:24,34,B+R,0,False,False,False,W,-0.85,11.8643,139000
2023-05-25 20:20:36,42,B+R,0,False,False,False,W,-0.85,11.8812,139000
2023-05-25 20:20:46,33,W+R,0,False,False,False,B,-0.85,11.8774,139000
2023-05-25 20:20:55,33,W+R,0,False,False,False,B,-0.85,11.8684,139000
2023-05-25 20:21:07,33,W+R,0,False,False,False,B,-0.85,11.877,139000
2023-05-25 20:22:32,33,W+R,0,False,False,False,B,-0.85,11.8581,140000
2023-05-25 20:22:49,56,B+R,0,False,False,False,W,-0.85,11.8534,140000
2023-05-25 20:23:12,81,B+6.5,8,True,True,False,W,-0.85,11.978,140000
2023-05-25 20:23:22,33,W+R,0,False,False,False,B,-0.85,11.9775,140000
2023-05-25 20:23:33,32,B+R,0,False,False,False,W,-0.85,12.0003,140000
2023-05-25 20:23:43,33,W+R,0,False,False,False,B,-0.85,12.0377,140000
2023-05-25 20:23:52,33,W+R,0,False,False,False,B,-0.85,12.0325,140000
2023-05-25 20:24:17,90,B+R,2,False,False,False,W,-0.85,12.1874,140000
2023-05-25 20:24:27,32,B+R,0,False,False,False,W,-0.85,12.092,140000
2023-05-25 20:24:38,33,W+R,0,False,False,False,B,-0.85,12.1052,140000
2023-05-25 20:24:48,33,W+R,0,False,False,False,B,-0.85,12.0428,140000
2023-05-25 20:25:00,50,B+R,0,False,False,False,W,-0.85,12.0582,140000
2023-05-25 20:25:08,33,W+R,0,False,False,False,B,-0.85,12.053,140000
2023-05-25 20:25:19,33,W+R,0,False,False,False,B,-0.85,12.0575,140000
2023-05-25 20:25:28,33,W+R,0,False,False,False,B,-0.85,12.0638,140000
2023-05-25 20:25:38,33,W+R,0,False,False,False,B,-0.85,12.071,140000
2023-05-25 20:25:48,33,W+R,0,False,False,False,B,-0.85,12.0654,140000
2023-05-25 20:25:56,32,B+R,0,False,False,False,W,-0.85,12.0349,140000
2023-05-25 20:26:08,43,W+R,0,False,False,False,B,-0.85,11.9653,140000
2023-05-25 20:26:17,33,W+R,0,False,False,False,B,-0.85,11.959,140000
2023-05-25 20:26:25,33,W+R,0,False,False,False,B,-0.85,11.9391,140000
2023-05-25 20:26:34,38,B+R,0,False,False,False,W,-0.85,11.7477,140000
2023-05-25 20:27:05,162,W+11.5,31,True,True,False,B,-0.85,11.971,140000
2023-05-25 20:27:36,124,B+2.5,21,True,True,False,W,-0.85,12.1767,140000
2023-05-25 20:27:52,61,W+R,0,False,False,False,B,-0.85,12.151,140000
2023-05-25 20:28:00,32,B+R,0,False,False,False,W,-0.85,12.1618,140000
2023-05-25 20:28:10,33,W+R,0,False,False,False,B,-0.85,12.1729,140000
2023-05-25 20:28:18,32,B+R,0,False,False,False,W,-0.85,12.149,140000
2023-05-25 20:28:27,33,W+R,0,False,False,False,B,-0.85,12.1299,140000
2023-05-25 20:28:38,33,W+R,0,False,False,False,B,-0.85,12.14,140000
2023-05-25 20:28:48,33,W+R,0,False,False,False,B,-0.85,12.1416,140000
2023-05-25 20:28:58,32,B+R,0,False,False,False,W,-0.85,12.1282,140000
2023-05-25 20:29:05,33,W+R,0,False,False,False,B,-0.85,11.9718,140000
2023-05-25 20:29:15,33,W+R,0,False,False,False,B,-0.85,11.8944,140000
2023-05-25 20:29:32,57,W+R,0,False,False,False,B,-0.85,11.9694,140000
2023-05-25 20:29:42,33,W+R,0,False,False,False,B,-0.85,11.8686,140000
2023-05-25 20:29:53,39,W+R,0,False,False,False,B,-0.85,11.8292,140000
2023-05-25 20:30:02,33,W+R,0,False,False,False,B,-0.85,11.8281,140000
2023-05-25 20:30:11,33,W+R,0,False,False,False,B,-0.85,11.8196,140000
2023-05-25 20:30:21,33,W+R,0,False,False,False,B,-0.85,11.7656,140000
2023-05-25 20:30:37,60,B+R,0,False,False,False,W,-0.85,11.7969,140000
2023-05-25 20:30:48,33,W+R,0,False,False,False,B,-0.85,11.7906,140000
2023-05-25 20:30:58,36,B+R,0,False,False,False,W,-0.85,11.8098,140000
2023-05-25 20:31:08,37,W+R,0,False,False,False,B,-0.85,11.8108,140000
2023-05-25 20:31:17,32,B+R,0,False,False,False,W,-0.85,11.8028,140000
2023-05-25 20:31:33,52,B+R,0,False,False,False,W,-0.85,11.8664,140000
2023-05-25 20:33:02,32,B+R,0,False,False,False,W,-0.85,11.9066,141000
2023-05-25 20:33:13,32,B+R,0,False,False,False,W,-0.85,11.9491,141000
2023-05-25 20:33:31,57,W+R,1,False,False,False,B,-0.85,12.0511,141000
2023-05-25 20:33:45,52,B+1.5,5,True,True,False,W,-0.85,12.0853,141000
2023-05-25 20:33:54,33,W+R,0,False,False,False,B,-0.85,12.0698,141000
2023-05-25 20:34:00,33,W+R,0,False,False,False,B,-0.85,12.0276,141000
2023-05-25 20:34:18,93,W+R,11,False,False,False,B,-0.85,12.1391,141000
2023-05-25 20:34:26,33,W+R,0,False,False,False,B,-0.85,12.1127,141000
2023-05-25 20:34:38,33,W+R,0,False,False,False,B,-0.85,12.1615,141000
2023-05-25 20:34:49,33,W+R,0,False,False,False,B,-0.85,12.0653,141000
2023-05-25 20:34:59,33,W+R,0,False,False,False,B,-0.85,12.0264,141000
2023-05-25 20:35:10,32,B+R,0,False,False,False,W,-0.85,11.954,141000
2023-05-25 20:35:20,32,B+R,0,False,False,False,W,-0.85,11.9416,141000
2023-05-25 20:35:30,33,W+R,0,False,False,False,B,-0.85,11.8789,141000
2023-05-25 20:35:46,54,B+R,0,False,False,False,W,-0.85,11.8973,141000
2023-05-25 20:35:57,32,B+R,0,False,False,False,W,-0.85,11.8829,141000
2023-05-25 20:36:07,33,W+R,0,False,False,False,B,-0.85,11.8784,141000
2023-05-25 20:36:14,32,B+R,0,False,False,False,W,-0.85,11.7374,141000
2023-05-25 20:36:34,69,B+18.5,9,True,True,False,W,-0.85,11.8137,141000
2023-05-25 20:36:48,45,W+R,0,False,False,False,B,-0.85,11.8334,141000
2023-05-25 20:37:04,52,B+R,0,False,False,False,W,-0.85,11.8958,141000
2023-05-25 20:37:31,85,B+2.5,4,True,True,False,W,-0.85,12.0652,141000
2023-05-25 20:37:41,34,B+R,0,False,False,False,W,-0.85,12.0661,141000
2023-05-25 20:37:51,33,W+R,0,False,False,False,B,-0.85,12.0601,141000
2023-05-25 20:38:02,33,W+R,0,False,False,False,B,-0.85,12.0525,141000
2023-05-25 20:38:11,33,W+R,0,False,False,False,B,-0.85,12.0539,141000
2023-05-25 20:38:20,32,B+R,0,False,False,False,W,-0.85,12.0524,141000
2023-05-25 20:38:29,33,W+R,0,False,False,False,B,-0.85,12.0403,141000
2023-05-25 20:38:37,32,B+R,0,False,False,False,W,-0.85,12.0309,141000
2023-05-25 20:38:47,32,B+R,0,False,False,False,W,-0.85,12.0329,141000
2023-05-25 20:38:57,33,W+R,0,False,False,False,B,-0.85,12.044,141000
2023-05-25 20:39:07,33,W+R,0,False,False,False,B,-0.85,12.0438,141000
2023-05-25 20:39:21,46,B+R,0,False,False,False,W,-0.85,12.0681,141000
2023-05-25 20:39:31,33,W+R,0,False,False,False,B,-0.85,12.079,141000
2023-05-25 20:40:06,162,W+15.5,31,True,True,False,B,-0.85,12.2039,141000
2023-05-25 20:40:19,47,W+R,0,False,False,False,B,-0.85,12.2527,141000
2023-05-25 20:40:29,33,W+R,0,False,False,False,B,-0.85,12.2426,141000
2023-05-25 20:40:37,33,W+R,0,False,False,False,B,-0.85,12.181,141000
2023-05-25 20:40:46,32,B+R,0,False,False,False,W,-0.85,12.1806,141000
2023-05-25 20:41:06,78,W+1.5,6,True,True,False,B,-0.85,12.14,141000
2023-05-25 20:41:16,33,W+R,0,False,False,False,B,-0.85,12.1654,141000
2023-05-25 20:41:27,33,W+R,0,False,False,False,B,-0.85,12.1999,141000
2023-05-25 20:41:36,32,B+R,0,False,False,False,W,-0.85,11.9786,141000
2023-05-25 20:41:47,33,W+R,0,False,False,False,B,-0.85,11.851,141000
2023-05-25 20:41:57,33,W+R,0,False,False,False,B,-0.85,11.8597,141000
2023-05-25 20:42:07,32,B+R,0,False,False,False,W,-0.85,11.8197,141000
2023-05-25 20:43:36,33,W+R,0,False,False,False,B,-0.85,11.8377,142000
2023-05-25 20:44:09,88,B+R,2,False,False,False,W,-0.85,12.0484,142000
2023-05-25 20:44:19,32,B+R,0,False,False,False,W,-0.85,12.0489,142000
2023-05-25 20:44:38,60,B+R,0,False,False,False,W,-0.85,12.1506,142000
2023-05-25 20:44:58,73,B+3.5,4,True,True,False,W,-0.85,12.236,142000
2023-05-25 20:45:09,33,W+R,0,False,False,False,B,-0.85,12.2761,142000
2023-05-25 20:45:20,33,W+R,0,False,False,False,B,-0.85,12.2851,142000
2023-05-25 20:45:43,69,W+R,0,False,False,False,B,-0.85,12.3396,142000
2023-05-25 20:46:06,76,B+R,5,False,False,False,W,-0.85,12.346,142000
2023-05-25 20:46:15,33,W+R,0,False,False,False,B,-0.85,12.3342,142000
2023-05-25 20:46:25,33,W+R,0,False,False,False,B,-0.85,12.3284,142000
2023-05-25 20:46:35,33,W+R,0,False,False,False,B,-0.85,12.3294,142000
2023-05-25 20:46:45,32,B+R,0,False,False,False,W,-0.85,12.3296,142000
2023-05-25 20:46:53,32,B+R,0,False,False,False,W,-0.85,12.1665,142000
2023-05-25 20:47:00,33,W+R,0,False,False,False,B,-0.85,12.1317,142000
2023-05-25 20:47:09,33,W+R,0,False,False,False,B,-0.85,12.1164,142000
2023-05-25 20:47:18,33,W+R,0,False,False,False,B,-0.85,12.1126,142000
2023-05-25 20:47:38,67,B+5.5,5,False,False,False,,-0.85,12.1832,142000
2023-05-25 20:47:48,33,W+R,0,False,False,False,B,-0.85,12.2105,142000
2023-05-25 20:47:58,33,W+R,0,False,False,False,B,-0.85,12.1982,142000
2023-05-25 20:48:08,33,W+R,0,False,False,False,B,-0.85,12.2126,142000
2023-05-25 20:48:16,33,W+R,0,False,False,False,B,-0.85,12.1843,142000
2023-05-25 20:48:23,33,W+R,0,False,False,False,B,-0.85,12.1635,142000
2023-05-25 20:48:30,32,B+R,0,False,False,False,W,-0.85,12.1491,142000
2023-05-25 20:48:37,33,W+R,0,False,False,False,B,-0.85,12.0921,142000
2023-05-25 20:49:03,80,B+R,1,False,False,False,W,-0.85,12.2618,142000
2023-05-25 20:49:12,33,W+R,0,False,False,False,B,-0.85,12.2787,142000
2023-05-25 20:49:21,35,W+R,0,False,False,False,B,-0.85,12.2773,142000
2023-05-25 20:49:31,32,B+R,0,False,False,False,W,-0.85,12.0722,142000
2023-05-25 20:49:41,33,W+R,0,False,False,False,B,-0.85,11.8622,142000
2023-05-25 20:50:06,77,W+R,3,False,False,False,B,-0.85,11.9517,142000
2023-05-25 20:50:22,54,B+R,0,False,False,False,W,-0.85,12.0339,142000
2023-05-25 20:50:32,33,W+R,0,False,False,False,B,-0.85,12.0254,142000
2023-05-25 20:50:54,74,B+R,7,False,False,False,W,-0.85,12.1586,142000
2023-05-25 20:51:04,33,W+R,0,False,False,False,B,-0.85,12.1771,142000
2023-05-25 20:51:14,33,W+R,0,False,False,False,B,-0.85,12.1715,142000
2023-05-25 20:51:24,33,W+R,0,False,False,False,B,-0.85,12.166,142000
2023-05-25 20:51:45,79,B+9.5,7,True,True,False,W,-0.85,12.275,142000
2023-05-25 20:51:54,32,B+R,0,False,False,False,W,-0.85,12.289,142000
2023-05-25 20:52:09,53,W+R,0,False,False,False,B,-0.85,12.3464,142000
2023-05-25 20:52:17,32,B+R,0,False,False,False,W,-0.85,12.2614,142000
2023-05-25 20:52:26,33,W+R,0,False,False,False,B,-0.85,12.244,142000
2023-05-25 20:52:36,32,B+R,0,False,False,False,W,-0.85,12.2366,142000
2023-05-25 20:52:47,33,W+R,0,False,False,False,B,-0.85,12.2535,142000
2023-05-25 20:54:28,83,B+1.5,12,True,True,False,W,-0.85,12.4052,143000
2023-05-25 20:54:39,33,W+R,0,False,False,False,B,-0.85,12.3486,143000
2023-05-25 20:54:49,33,W+R,0,False,False,False,B,-0.85,12.3452,143000
2023-05-25 20:55:14,87,W+2.5,11,True,True,False,B,-0.85,12.4882,143000
2023-05-25 20:55:25,33,W+R,0,False,False,False,B,-0.85,12.4951,143000
2023-05-25 20:55:49,86,W+4.5,12,True,True,False,B,-0.85,12.6421,143000
2023-05-25 20:55:56,34,B+R,0,False,False,False,W,-0.85,12.5567,143000
2023-05-25 20:56:05,33,W+R,0,False,False,False,B,-0.85,12.5551,143000
2023-05-25 20:56:19,46,B+R,0,False,False,False,W,-0.85,12.6115,143000
2023-05-25 20:56:32,49,W+R,1,False,False,False,B,-0.85,12.6345,143000
2023-05-25 20:56:41,40,B+R,0,False,False,False,W,-0.85,12.5391,143000
2023-05-25 20:56:47,32,B+R,0,False,False,False,W,-0.85,12.4665,143000
2023-05-25 20:56:57,33,W+R,0,False,False,False,B,-0.85,12.4755,143000
2023-05-25 20:57:04,33,W+R,0,False,False,False,B,-0.85,12.481,143000
2023-05-25 20:57:11,32,B+R,0,False,False,False,W,-0.85,12.3714,143000
2023-05-25 20:57:19,33,W+R,0,False,False,False,B,-0.85,12.3647,143000
2023-05-25 20:57:28,33,W+R,0,False,False,False,B,-0.85,12.3426,143000
2023-05-25 20:57:40,33,W+R,0,False,False,False,B,-0.85,12.3517,143000
2023-05-25 20:57:50,40,B+R,0,False,False,False,W,-0.85,12.3485,143000
2023-05-25 20:58:00,33,W+R,0,False,False,False,B,-0.85,12.3358,143000
2023-05-25 20:58:35,162,B+0.5,35,True,True,False,W,-0.85,12.5923,143000
2023-05-25 20:58:48,47,W+R,0,False,False,False,B,-0.85,12.6276,143000
2023-05-25 20:58:58,32,B+R,0,False,False,False,W,-0.85,12.5622,143000
2023-05-25 20:59:09,36,B+R,0,False,False,False,W,-0.85,12.5713,143000
2023-05-25 20:59:21,38,B+R,0,False,False,False,W,-0.85,12.5881,143000
2023-05-25 20:59:31,33,W+R,0,False,False,False,B,-0.85,12.6094,143000
2023-05-25 20:59:53,70,B+R,2,False,False,False,W,-0.85,12.6305,143000
2023-05-25 21:00:03,33,W+R,0,False,False,False,B,-0.85,12.5969,143000
2023-05-25 21:00:11,32,B+R,0,False,False,False,W,-0.85,12.5179,143000
2023-05-25 21:00:22,32,B+R,0,False,False,False,W,-0.85,12.3508,143000
2023-05-25 21:00:36,50,B+R,0,False,False,False,W,-0.85,12.3955,143000
2023-05-25 21:01:01,92,W+0.5,15,True,True,False,B,-0.85,12.5334,143000
2023-05-25 21:01:11,33,W+R,0,False,False,False,B,-0.85,12.5355,143000
2023-05-25 21:01:20,32,B+R,0,False,False,False,W,-0.85,12.5365,143000
2023-05-25 21:01:39,55,W+R,0,False,False,False,B,-0.85,12.6313,143000
2023-05-25 21:01:49,33,W+R,0,False,False,False,B,-0.85,12.649,143000
2023-05-25 21:02:00,33,W+R,0,False,False,False,B,-0.85,12.6727,143000
2023-05-25 21:02:11,34,B+R,0,False,False,False,W,-0.85,12.6822,143000
2023-05-25 21:02:19,32,B+R,0,False,False,False,W,-0.85,12.6657,143000
2023-05-25 21:02:28,33,W+R,0,False,False,False,B,-0.85,12.6593,143000
2023-05-25 21:02:38,47,W+R,0,False,False,False,B,-0.85,12.6203,143000
2023-05-25 21:02:49,35,W+R,0,False,False,False,B,-0.85,12.6278,143000
2023-05-25 21:02:57,33,W+R,0,False,False,False,B,-0.85,12.3549,143000
2023-05-25 21:03:07,32,B+R,0,False,False,False,W,-0.85,12.3199,143000
2023-05-25 21:03:21,47,W+R,0,False,False,False,B,-0.85,12.3633,143000
2023-05-25 21:03:32,33,W+R,0,False,False,False,B,-0.85,12.3884,143000
2023-05-25 21:05:10,48,B+R,0,False,False,False,W,-0.85,12.3661,144000
2023-05-25 21:05:32,66,B+R,0,False,False,False,W,-0.85,12.4787,144000
2023-05-25 21:05:54,78,W+7.5,3,True,True,False,B,-0.85,12.5984,144000
2023-05-25 21:06:05,33,W+R,0,False,False,False,B,-0.85,12.6133,144000
2023-05-25 21:06:13,33,W+R,0,False,False,False,B,-0.85,12.5921,144000
2023-05-25 21:06:25,33,W+R,0,False,False,False,B,-0.85,12.6056,144000
2023-05-25 21:06:37,33,W+R,0,False,False,False,B,-0.85,12.6198,144000
2023-05-25 21:06:45,32,B+R,0,False,False,False,W,-0.85,12.6066,144000
2023-05-25 21:07:09,84,W+7.5,8,True,True,False,B,-0.85,12.7335,144000
2023-05-25 21:07:22,44,B+R,0,False,False,False,W,-0.85,12.5352,144000
2023-05-25 21:07:31,32,B+R,0,False,False,False,W,-0.85,12.5273,144000
2023-05-25 21:07:43,33,W+R,0,False,False,False,B,-0.85,12.4481,144000
2023-05-25 21:08:02,62,B+R,0,False,False,False,W,-0.85,12.4338,144000
2023-05-25 21:08:13,33,W+R,0,False,False,False,B,-0.85,12.4398,144000
2023-05-25 21:08:24,35,W+R,0,False,False,False,B,-0.85,12.4378,144000
2023-05-25 21:08:32,32,B+R,0,False,False,False,W,-0.85,12.2972,144000
2023-05-25 21:08:42,33,W+R,0,False,False,False,B,-0.85,12.1571,144000
2023-05-25 21:08:49,33,W+R,0,False,False,False,B,-0.85,12.1371,144000
2023-05-25 21:09:03,57,W+R,0,False,False,False,B,-0.85,12.1827,144000
2023-05-25 21:09:14,33,W+R,0,False,False,False,B,-0.85,12.1884,144000
2023-05-25 21:09:24,32,B+R,0,False,False,False,W,-0.85,12.1979,144000
2023-05-25 21:09:57,116,W+0.5,19,True,True,True,W,-0.85,12.443,144000
2023-05-25 21:10:08,33,W+R,0,False,False,False,B,-0.85,12.4804,144000
2023-05-25 21:10:17,32,B+R,0,False,False,False,W,-0.85,12.4883,144000
2023-05-25 21:10:27,33,W+R,0,False,False,False,B,-0.85,12.4885,144000
2023-05-25 21:10:37,32,B+R,0,False,False,False,W,-0.85,12.3973,144000
2023-05-25 21:10:48,33,W+R,0,False,False,False,B,-0.85,12.4007,144000
2023-05-25 21:10:58,33,W+R,0,False,False,False,B,-0.85,12.4062,144000
2023-05-25 21:11:08,32,B+R,0,False,False,False,W,-0.85,12.3942,144000
2023-05-25 21:11:27,65,W+R,4,False,False,False,B,-0.85,12.5121,144000
2023-05-25 21:11:37,32,B+R,0,False,False,False,W,-0.85,12.5361,144000
2023-05-25 21:11:48,33,W+R,0,False,False,False,B,-0.85,12.575,144000
2023-05-25 21:11:58,33,W+R,0,False,False,False,B,-0.85,12.613,144000
2023-05-25 21:12:07,33,W+R,0,False,False,False,B,-0.85,12.4397,144000
2023-05-25 21:12:18,33,W+R,0,False,False,False,B,-0.85,12.4588,144000
2023-05-25 21:12:30,49,W+R,0,False,False,False,B,-0.85,12.4958,144000
2023-05-25 21:13:02,162,W+6.5,40,True,True,False,B,-0.85,12.7079,144000
2023-05-25 21:13:09,32,B+R,0,False,False,False,W,-0.85,12.6765,144000
2023-05-25 21:13:30,67,W+R,0,False,False,False,B,-0.85,12.6404,144000
2023-05-25 21:13:39,33,W+R,0,False,False,False,B,-0.85,12.5708,144000
2023-05-25 21:13:59,72,W+2.5,2,True,True,False,B,-0.85,12.6745,144000
2023-05-25 21:14:10,33,W+R,0,False,False,False,B,-0.85,12.5633,144000
2023-05-25 21:14:19,32,B+R,0,False,False,False,W,-0.85,12.5534,144000
2023-05-25 21:15:57,68,W+4.5,3,True,True,False,B,-0.85,12.6251,145000
2023-05-25 21:16:08,33,W+R,0,False,False,False,B,-0.85,12.5251,145000
2023-05-25 21:16:17,33,W+R,0,False,False,False,B,-0.85,12.5255,145000
2023-05-25 21:16:28,32,B+R,0,False,False,False,W,-0.85,12.4807,145000
2023-05-25 21:16:48,60,B+R,0,False,False,False,W,-0.85,12.5962,145000
2023-05-25 21:16:58,33,W+R,0,False,False,False,B,-0.85,12.6109,145000
2023-05-25 21:17:09,33,W+R,0,False,False,False,B,-0.85,12.6215,145000
2023-05-25 21:17:20,33,W+R,0,False,False,False,B,-0.85,12.6185,145000
2023-05-25 21:17:30,39,W+R,0,False,False,False,B,-0.85,12.6344,145000
2023-05-25 21:17:41,33,W+R,0,False,False,False,B,-0.85,12.4913,145000
2023-05-25 21:17:51,33,W+R,0,False,False,False,B,-0.85,12.4869,145000
2023-05-25 21:18:02,33,W+R,0,False,False,False,B,-0.85,12.4904,145000
2023-05-25 21:18:11,33,W+R,0,False,False,False,B,-0.85,12.3359,145000
2023-05-25 21:18:21,33,W+R,0,False,False,False,B,-0.85,12.325,145000
2023-05-25 21:18:34,43,W+R,0,False,False,False,B,-0.85,12.2173,145000
2023-05-25 21:18:44,33,W+R,0,False,False,False,B,-0.85,12.243,145000
2023-05-25 21:18:55,33,W+R,0,False,False,False,B,-0.85,12.2677,145000
2023-05-25 21:19:04,33,W+R,0,False,False,False,B,-0.85,12.2189,145000
2023-05-25 21:19:14,32,B+R,0,False,False,False,W,-0.85,12.1818,145000
2023-05-25 21:19:25,33,W+R,0,False,False,False,B,-0.85,12.2069,145000
2023-05-25 21:19:36,33,W+R,0,False,False,False,B,-0.85,12.2505,145000
2023-05-25 21:19:47,33,W+R,0,False,False,False,B,-0.85,12.2704,145000
2023-05-25 21:19:58,33,W+R,0,False,False,False,B,-0.85,12.3004,145000
2023-05-25 21:20:08,36,B+R,0,False,False,False,W,-0.85,12.3331,145000
2023-05-25 21:20:15,33,W+R,0,False,False,False,B,-0.85,12.3268,145000
2023-05-25 21:20:21,33,W+R,0,False,False,False,B,-0.85,12.2974,145000
2023-05-25 21:20:31,35,W+R,0,False,False,False,B,-0.85,12.2857,145000
2023-05-25 21:20:41,32,B+R,0,False,False,False,W,-0.85,12.2768,145000
2023-05-25 21:20:52,33,W+R,0,False,False,False,B,-0.85,12.2884,145000
2023-05-25 21:21:02,33,W+R,0,False,False,False,B,-0.85,12.0369,145000
2023-05-25 21:21:10,32,B+R,0,False,False,False,W,-0.85,11.9854,145000
2023-05-25 21:21:38,162,W+4.5,39,True,True,False,B,-0.85,12.1616,145000
2023-05-25 21:21:46,33,W+R,0,False,False,False,B,-0.85,12.136,145000
2023-05-25 21:21:58,33,W+R,0,False,False,False,B,-0.85,12.131,145000
2023-05-25 21:22:12,45,W+R,0,False,False,False,B,-0.85,12.1776,145000
2023-05-25 21:22:28,57,W+R,1,False,False,False,B,-0.85,12.1217,145000
2023-05-25 21:22:47,68,W+6.5,2,True,True,False,B,-0.85,12.2115,145000
2023-05-25 21:22:57,34,B+R,0,False,False,False,W,-0.85,12.2289,145000
2023-05-25 21:23:06,33,W+R,0,False,False,False,B,-0.85,12.2106,145000
2023-05-25 21:23:20,58,B+R,2,False,False,False,W,-0.85,12.2072,145000
2023-05-25 21:23:31,33,W+R,0,False,False,False,B,-0.85,12.0727,145000
2023-05-25 21:23:38,33,W+R,0,False,False,False,B,-0.85,12.0418,145000
2023-05-25 21:23:46,33,W+R,0,False,False,False,B,-0.85,12.0306,145000
2023-05-25 21:23:56,32,B+R,0,False,False,False,W,-0.85,11.9386,145000
2023-05-25 21:24:13,51,W+R,0,False,False,False,B,-0.85,12.0001,145000
2023-05-25 21:24:22,32,B+R,0,False,False,False,W,-0.85,11.9812,145000
2023-05-25 21:24:31,41,W+R,0,False,False,False,B,-0.85,11.973,145000
2023-05-25 21:26:49,162,W+5.5,38,True,True,False,B,-0.85,12.4901,146000
2023-05-25 21:27:02,37,W+R,0,False,False,False,B,-0.85,12.5189,146000
2023-05-25 21:27:14,33,W+R,0,False,False,False,B,-0.85,12.531,146000
2023-05-25 21:27:25,35,W+R,0,False,False,False,B,-0.85,12.5601,146000
2023-05-25 21:27:35,33,W+R,0,False,False,False,B,-0.85,12.5664,146000
2023-05-25 21:27:46,33,W+R,0,False,False,False,B,-0.85,12.5301,146000
2023-05-25 21:28:08,78,W+4.5,6,True,True,False,B,-0.85,12.643,146000
2023-05-25 21:28:18,33,W+R,0,False,False,False,B,-0.85,12.6398,146000
2023-05-25 21:28:26,33,W+R,0,False,False,False,B,-0.85,12.5564,146000
2023-05-25 21:28:37,33,W+R,0,False,False,False,B,-0.85,12.4521,146000
2023-05-25 21:29:02,69,B+9.5,5,True,True,False,W,-0.85,12.4791,146000
2023-05-25 21:29:12,33,W+R,0,False,False,False,B,-0.85,12.4709,146000
2023-05-25 21:29:22,32,B+R,0,False,False,False,W,-0.85,12.4867,146000
2023-05-25 21:29:34,33,W+R,0,False,False,False,B,-0.85,12.4882,146000
2023-05-25 21:29:42,33,W+R,0,False,False,False,B,-0.85,12.4544,146000
2023-05-25 21:29:50,33,W+R,0,False,False,False,B,-0.85,12.4423,146000
2023-05-25 21:30:08,63,W+R,0,False,False,False,B,-0.85,12.3891,146000
2023-05-25 21:30:19,33,W+R,0,False,False,False,B,-0.85,12.3706,146000
2023-05-25 21:30:29,33,W+R,0,False,False,False,B,-0.85,12.3708,146000
2023-05-25 21:30:53,92,B+2.5,16,True,True,False,W,-0.85,12.4966,146000
2023-05-25 21:31:04,43,W+11.5,2,True,True,False,B,-0.85,12.4192,146000
2023-05-25 21:31:28,76,W+2.5,2,True,True,False,B,-0.85,12.5506,146000
2023-05-25 21:31:38,33,W+R,0,False,False,False,B,-0.85,12.5431,146000
2023-05-25 21:32:01,67,W+R,4,False,False,False,B,-0.85,12.6879,146000
2023-05-25 21:32:12,33,W+R,0,False,False,False,B,-0.85,12.6996,146000
2023-05-25 21:32:24,35,W+R,0,False,False,False,B,-0.85,12.7455,146000
2023-05-25 21:32:34,39,W+R,0,False,False,False,B,-0.85,12.7026,146000
2023-05-25 21:32:43,33,W+R,0,False,False,False,B,-0.85,12.6834,146000
2023-05-25 21:32:51,32,B+R,0,False,False,False,W,-0.85,12.668,146000
2023-05-25 21:33:02,32,B+R,0,False,False,False,W,-0.85,12.4435,146000
2023-05-25 21:33:12,33,W+R,0,False,False,False,B,-0.85,12.4394,146000
2023-05-25 21:33:22,33,W+R,0,False,False,False,B,-0.85,12.4444,146000
2023-05-25 21:33:38,54,B+R,3,False,False,False,W,-0.85,12.5032,146000
2023-05-25 21:33:49,34,B+R,0,False,False,False,W,-0.85,12.5101,146000
2023-05-25 21:34:07,59,W+R,0,False,False,False,B,-0.85,12.5895,146000
2023-05-25 21:34:18,33,W+R,0,False,False,False,B,-0.85,12.5923,146000
2023-05-25 21:34:32,49,W+R,0,False,False,False,B,-0.85,12.6366,146000
2023-05-25 21:34:42,33,W+R,0,False,False,False,B,-0.85,12.5478,146000
2023-05-25 21:35:03,90,B+R,0,False,False,False,W,-0.85,12.6557,146000
2023-05-25 21:35:17,69,W+R,0,False,False,False,B,-0.85,12.6926,146000
2023-05-25 21:36:39,33,W+R,0,False,False,False,B,-0.85,12.6708,147000
2023-05-25 21:36:46,33,W+R,0,False,False,False,B,-0.85,12.6252,147000
2023-05-25 21:36:54,32,B+R,0,False,False,False,W,-0.85,12.5853,147000
2023-05-25 21:37:05,32,B+R,0,False,False,False,W,-0.85,12.3751,147000
2023-05-25 21:37:17,33,W+R,0,False,False,False,B,-0.85,12.4283,147000
2023-05-25 21:37:25,33,W+R,0,False,False,False,B,-0.85,12.2884,147000
2023-05-25 21:37:32,33,W+R,0,False,False,False,B,-0.85,12.2683,147000
2023-05-25 21:37:56,78,W+2.5,2,True,True,False,B,-0.85,12.3134,147000
2023-05-25 21:38:08,33,W+R,0,False,False,False,B,-0.85,12.3259,147000
2023-05-25 21:38:17,32,B+R,0,False,False,False,W,-0.85,12.3244,147000
2023-05-25 21:38:30,38,B+R,0,False,False,False,W,-0.85,12.3628,147000
2023-05-25 21:38:47,53,W+R,0,False,False,False,B,-0.85,12.3526,147000
2023-05-25 21:38:57,33,W+R,0,False,False,False,B,-0.85,12.3466,147000
2023-05-25 21:39:11,46,B+R,0,False,False,False,W,-0.85,12.398,147000
2023-05-25 21:39:22,33,W+R,0,False,False,False,B,-0.85,12.4008,147000
2023-05-25 21:39:34,33,W+R,0,False,False,False,B,-0.85,12.3155,147000
2023-05-25 21:39:45,33,W+R,0,False,False,False,B,-0.85,12.3253,147000
2023-05-25 21:39:57,41,W+R,0,False,False,False,B,-0.85,12.3365,147000
2023-05-25 21:40:04,32,B+R,0,False,False,False,W,-0.85,12.296,147000
2023-05-25 21:40:10,32,B+R,0,False,False,False,W,-0.85,12.2577,147000
2023-05-25 21:40:21,49,W+R,0,False,False,False,B,-0.85,12.2631,147000
2023-05-25 21:40:31,33,W+R,0,False,False,False,B,-0.85,12.2617,147000
2023-05-25 21:41:04,123,W+3.5,26,True,True,False,B,-0.85,12.481,147000
2023-05-25 21:41:15,33,W+R,0,False,False,False,B,-0.85,12.4945,147000
2023-05-25 21:41:25,33,W+R,0,False,False,False,B,-0.85,12.5054,147000
2023-05-25 21:41:37,35,W+R,0,False,False,False,B,-0.85,12.4904,147000
2023-05-25 21:41:47,33,W+R,0,False,False,False,B,-0.85,12.4902,147000
2023-05-25 21:41:58,33,W+R,0,False,False,False,B,-0.85,12.4903,147000
2023-05-25 21:42:08,33,W+R,0,False,False,False,B,-0.85,12.5018,147000
2023-05-25 21:42:20,50,B+R,0,False,False,False,W,-0.85,12.5238,147000
2023-05-25 21:42:28,33,W+R,0,False,False,False,B,-0.85,12.4919,147000
2023-05-25 21:42:45,66,W+8.5,2,True,True,False,B,-0.85,12.5499,147000
2023-05-25 21:43:11,89,W+2.5,10,True,True,False,B,-0.85,12.7005,147000
2023-05-25 21:43:32,95,B+2.5,10,True,True,False,W,-0.85,12.8038,147000
2023-05-25 21:43:41,33,W+R,0,False,False,False,B,-0.85,12.7927,147000
2023-05-25 21:43:52,33,W+R,0,False,False,False,B,-0.85,12.8294,147000
2023-05-25 21:44:01,33,W+R,0,False,False,False,B,-0.85,12.8592,147000
2023-05-25 21:44:12,33,W+R,0,False,False,False,B,-0.85,12.8648,147000
2023-05-25 21:44:23,33,W+R,0,False,False,False,B,-0.85,12.8747,147000
2023-05-25 21:44:32,33,W+R,0,False,False,False,B,-0.85,12.8632,147000
2023-05-25 21:44:42,33,W+R,0,False,False,False,B,-0.85,12.8593,147000
2023-05-25 21:45:00,67,W+2.5,10,True,True,False,B,-0.85,12.9594,147000
2023-05-25 21:46:32,33,W+R,0,False,False,False,B,-0.85,12.7974,148000
2023-05-25 21:46:45,38,B+R,0,False,False,False,W,-0.85,12.8194,148000
2023-05-25 21:46:52,33,W+R,0,False,False,False,B,-0.85,12.7471,148000
2023-05-25 21:47:02,32,B+R,0,False,False,False,W,-0.85,12.6783,148000
2023-05-25 21:47:13,33,W+R,0,False,False,False,B,-0.85,12.5965,148000
2023-05-25 21:47:23,38,B+R,0,False,False,False,W,-0.85,12.6047,148000
2023-05-25 21:47:30,33,W+R,0,False,False,False,B,-0.85,12.5842,148000
2023-05-25 21:47:37,33,W+R,0,False,False,False,B,-0.85,12.5106,148000
2023-05-25 21:47:46,46,B+R,0,False,False,False,W,-0.85,12.4943,148000
2023-05-25 21:47:56,36,B+R,0,False,False,False,W,-0.85,12.5212,148000
2023-05-25 21:48:06,33,W+R,0,False,False,False,B,-0.85,12.5447,148000
2023-05-25 21:48:17,33,W+R,0,False,False,False,B,-0.85,12.545,148000
2023-05-25 21:48:34,49,W+R,0,False,False,False,B,-0.85,12.5553,148000
2023-05-25 21:48:44,33,W+R,0,False,False,False,B,-0.85,12.5613,148000
2023-05-25 21:48:53,33,W+R,0,False,False,False,B,-0.85,12.5632,148000
2023-05-25 21:49:02,33,W+R,1,False,False,False,B,-0.85,12.3742,148000
2023-05-25 21:49:14,61,W+4.5,5,True,True,False,B,-0.85,12.0796,148000
2023-05-25 21:49:25,33,W+R,0,False,False,False,B,-0.85,12.0571,148000
2023-05-25 21:49:49,72,B+R,1,False,False,False,W,-0.85,12.1773,148000
2023-05-25 21:49:59,33,W+R,0,False,False,False,B,-0.85,12.1737,148000
2023-05-25 21:50:10,33,W+R,0,False,False,False,B,-0.85,12.18,148000
2023-05-25 21:50:20,35,W+R,0,False,False,False,B,-0.85,12.1725,148000
2023-05-25 21:50:38,59,W+R,0,False,False,False,B,-0.85,12.1332,148000
2023-05-25 21:50:49,33,W+R,0,False,False,False,B,-0.85,12.1371,148000
2023-05-25 21:50:59,33,W+R,0,False,False,False,B,-0.85,12.1571,148000
2023-05-25 21:51:08,33,W+R,0,False,False,False,B,-0.85,12.1394,148000
2023-05-25 21:51:18,32,B+R,0,False,False,False,W,-0.85,11.9865,148000
2023-05-25 21:51:30,51,W+R,0,False,False,False,B,-0.85,12.0086,148000
2023-05-25 21:51:50,63,W+R,4,False,False,False,B,-0.85,12.1038,148000
2023-05-25 21:52:02,44,B+R,0,False,False,False,W,-0.85,12.1127,148000
2023-05-25 21:52:12,32,B+R,0,False,False,False,W,-0.85,12.1325,148000
2023-05-25 21:52:27,47,W+R,0,False,False,False,B,-0.85,12.2014,148000
2023-05-25 21:52:36,33,W+R,0,False,False,False,B,-0.85,12.1115,148000
2023-05-25 21:52:43,33,W+R,0,False,False,False,B,-0.85,12.0667,148000
2023-05-25 21:52:58,47,W+R,0,False,False,False,B,-0.85,12.1231,148000
2023-05-25 21:53:07,32,B+R,0,False,False,False,W,-0.85,11.9743,148000
2023-05-25 21:53:55,162,W+5.5,21,False,False,False,,-0.85,12.3418,148000
2023-05-25 21:54:05,33,W+R,0,False,False,False,B,-0.85,12.204,148000
2023-05-25 21:54:16,33,W+R,0,False,False,False,B,-0.85,12.2119,148000
2023-05-25 21:54:28,39,W+R,0,False,False,False,B,-0.85,12.0997,148000
2023-05-25 21:54:38,35,W+R,0,False,False,False,B,-0.85,12.0946,148000
2023-05-25 21:54:48,33,W+R,0,False,False,False,B,-0.85,12.0819,148000
2023-05-25 21:54:59,36,B+R,0,False,False,False,W,-0.85,12.0812,148000
2023-05-25 21:55:13,51,W+R,0,False,False,False,B,-0.85,12.141,148000
2023-05-25 21:56:51,33,W+R,0,False,False,False,B,-0.85,12.2909,149000
2023-05-25 21:57:01,38,B+R,0,False,False,False,W,-0.85,12.2922,149000
2023-05-25 21:57:11,33,W+R,0,False,False,False,B,-0.85,12.2915,149000
2023-05-25 21:57:30,54,B+R,0,False,False,False,W,-0.85,12.3184,149000
2023-05-25 21:57:39,33,W+R,0,False,False,False,B,-0.85,12.3098,149000
2023-05-25 21:57:48,33,W+R,0,False,False,False,B,-0.85,12.2086,149000
2023-05-25 21:57:59,40,B+R,0,False,False,False,W,-0.85,12.2144,149000
2023-05-25 21:58:09,33,W+R,0,False,False,False,B,-0.85,12.178,149000
2023-05-25 21:58:20,35,W+R,0,False,False,False,B,-0.85,12.1861,149000
2023-05-25 21:58:34,46,B+R,0,False,False,False,W,-0.85,12.1122,149000
2023-05-25 21:58:44,33,W+R,0,False,False,False,B,-0.85,12.0694,149000
2023-05-25 21:58:54,33,W+R,0,False,False,False,B,-0.85,12.1022,149000
2023-05-25 21:59:16,76,W+6.5,4,True,True,False,B,-0.85,12.2188,149000
2023-05-25 21:59:25,33,W+R,0,False,False,False,B,-0.85,12.2468,149000
2023-05-25 21:59:35,33,W+R,0,False,False,False,B,-0.85,12.2653,149000
2023-05-25 21:59:45,32,B+R,0,False,False,False,W,-0.85,12.2535,149000
2023-05-25 21:59:54,32,B+R,0,False,False,False,W,-0.85,12.2206,149000
2023-05-25 22:00:04,33,W+R,0,False,False,False,B,-0.85,12.2525,149000
2023-05-25 22:00:19,43,W+R,0,False,False,False,B,-0.85,12.3293,149000
2023-05-25 22:00:30,32,B+R,0,False,False,False,W,-0.85,12.1904,149000
2023-05-25 22:00:43,49,W+R,0,False,False,False,B,-0.85,12.2038,149000
2023-05-25 22:00:54,33,W+R,0,False,False,False,B,-0.85,12.2221,149000
2023-05-25 22:01:03,33,W+R,0,False,False,False,B,-0.85,12.1845,149000
2023-05-25 22:01:14,33,W+R,0,False,False,False,B,-0.85,12.1217,149000
2023-05-25 22:01:26,35,W+R,0,False,False,False,B,-0.85,12.1417,149000
2023-05-25 22:01:36,45,W+R,0,False,False,False,B,-0.85,12.1038,149000
2023-05-25 22:01:44,33,W+R,0,False,False,False,B,-0.85,12.0677,149000
2023-05-25 22:01:52,33,W+R,0,False,False,False,B,-0.85,12.0348,149000
2023-05-25 22:02:01,33,W+R,0,False,False,False,B,-0.85,12.0145,149000
2023-05-25 22:02:10,33,W+R,0,False,False,False,B,-0.85,11.9856,149000
2023-05-25 22:02:41,99,W+R,13,False,False,False,B,-0.85,12.2229,149000
2023-05-25 22:02:51,33,W+R,0,False,False,False,B,-0.85,12.2656,149000
2023-05-25 22:03:01,33,W+R,0,False,False,False,B,-0.85,12.2556,149000
2023-05-25 22:03:11,33,W+R,0,False,False,False,B,-0.85,12.2539,149000
2023-05-25 22:03:22,33,W+R,0,False,False,False,B,-0.85,12.0347,149000
2023-05-25 22:03:32,32,B+R,0,False,False,False,W,-0.85,12.0224,149000
2023-05-25 22:03:42,33,W+R,0,False,False,False,B,-0.85,12.0228,149000
2023-05-25 22:03:53,33,W+R,0,False,False,False,B,-0.85,12.0108,149000
2023-05-25 22:04:03,33,W+R,0,False,False,False,B,-0.85,12.0113,149000
2023-05-25 22:04:14,33,W+R,0,False,False,False,B,-0.85,12.015,149000
2023-05-25 22:04:24,33,W+R,0,False,False,False,B,-0.85,12.0103,149000
2023-05-25 22:04:35,33,W+R,0,False,False,False,B,-0.85,11.9994,149000
2023-05-25 22:04:43,33,W+R,0,False,False,False,B,-0.85,12.0012,149000
2023-05-25 22:04:53,32,B+R,0,False,False,False,W,-0.85,11.9361,149000
2023-05-25 22:05:05,33,W+R,0,False,False,False,B,-0.85,11.7869,149000
2023-05-25 22:05:16,34,B+R,0,False,False,False,W,-0.85,11.6933,149000
2023-05-25 22:05:25,33,W+R,0,False,False,False,B,-0.85,11.691,149000
2023-05-25 22:05:35,33,W+R,0,False,False,False,B,-0.85,11.6895,149000
2023-05-25 22:07:24,87,W+3.5,12,True,True,False,B,-0.85,11.8317,150000
2023-05-25 22:07:34,33,W+R,0,False,False,False,B,-0.85,11.8269,150000
2023-05-25 22:07:44,32,B+R,0,False,False,False,W,-0.85,11.8266,150000
2023-05-25 22:07:54,33,W+R,0,False,False,False,B,-0.85,11.8363,150000
2023-05-25 22:08:11,55,W+R,1,False,False,False,B,-0.85,11.825,150000
2023-05-25 22:08:21,32,B+R,0,False,False,False,W,-0.85,11.8221,150000
2023-05-25 22:08:31,33,W+R,0,False,False,False,B,-0.85,11.8204,150000
2023-05-25 22:08:38,33,W+R,0,False,False,False,B,-0.85,11.753,150000
2023-05-25 22:08:52,47,W+R,0,False,False,False,B,-0.85,11.828,150000
2023-05-25 22:09:11,56,B+R,0,False,False,False,W,-0.85,11.9182,150000
2023-05-25 22:09:22,33,W+R,0,False,False,False,B,-0.85,11.9163,150000
2023-05-25 22:09:32,33,W+R,0,False,False,False,B,-0.85,11.9125,150000
2023-05-25 22:09:42,32,B+R,0,False,False,False,W,-0.85,11.95,150000
2023-05-25 22:10:21,162,B+2.5,33,True,True,False,W,-0.85,12.2711,150000
2023-05-25 22:10:43,65,W+R,0,False,False,False,B,-0.85,12.394,150000
2023-05-25 22:11:02,74,B+R,5,False,False,False,W,-0.85,12.4864,150000
2023-05-25 22:11:10,33,W+R,0,False,False,False,B,-0.85,12.4613,150000
2023-05-25 22:11:19,33,W+R,0,False,False,False,B,-0.85,12.4543,150000
2023-05-25 22:11:29,33,W+R,0,False,False,False,B,-0.85,12.3764,150000
2023-05-25 22:11:44,51,W+R,0,False,False,False,B,-0.85,12.4306,150000
2023-05-25 22:11:53,33,W+R,0,False,False,False,B,-0.85,12.4275,150000
2023-05-25 22:12:15,65,W+R,0,False,False,False,B,-0.85,12.5578,150000
2023-05-25 22:12:23,33,W+R,0,False,False,False,B,-0.85,12.5124,150000
2023-05-25 22:12:34,33,W+R,0,False,False,False,B,-0.85,12.5138,150000
2023-05-25 22:12:53,64,B+R,0,False,False,False,W,-0.85,12.4643,150000
2023-05-25 22:13:04,36,B+R,0,False,False,False,W,-0.85,12.4774,150000
2023-05-25 22:13:15,33,W+R,0,False,False,False,B,-0.85,12.4723,150000
2023-05-25 22:13:24,33,W+R,0,False,False,False,B,-0.85,12.4685,150000
2023-05-25 22:13:48,75,W+0.5,12,True,True,False,B,-0.85,12.5245,150000
2023-05-25 22:14:11,67,W+R,0,False,False,False,B,-0.85,12.6524,150000
2023-05-25 22:14:22,33,W+R,0,False,False,False,B,-0.85,12.6573,150000
2023-05-25 22:14:40,59,W+R,0,False,False,False,B,-0.85,12.7484,150000
2023-05-25 22:14:50,33,W+R,0,False,False,False,B,-0.85,12.7561,150000
2023-05-25 22:15:00,33,W+R,0,False,False,False,B,-0.85,12.7315,150000
2023-05-25 22:15:14,45,W+R,0,False,False,False,B,-0.85,12.6769,150000
2023-05-25 22:15:27,42,B+R,0,False,False,False,W,-0.85,12.6744,150000
2023-05-25 22:15:38,39,W+R,0,False,False,False,B,-0.85,12.68,150000
2023-05-25 22:15:47,33,W+R,0,False,False,False,B,-0.85,12.6316,150000
2023-05-25 22:15:57,33,W+R,0,False,False,False,B,-0.85,12.6382,150000
2023-05-25 22:16:06,32,B+R,0,False,False,False,W,-0.85,12.6583,150000
2023-05-25 22:16:15,33,W+R,0,False,False,False,B,-0.85,12.5973,150000
2023-05-25 22:16:25,33,W+R,0,False,False,False,B,-0.85,12.6042,150000
2023-05-25 22:18:04,33,W+R,0,False,False,False,B,-0.85,12.3113,151000
2023-05-25 22:18:12,33,W+R,0,False,False,False,B,-0.85,12.2849,151000
2023-05-25 22:18:31,57,W+R,0,False,False,False,B,-0.85,12.3539,151000
2023-05-25 22:18:41,33,W+R,0,False,False,False,B,-0.85,12.3559,151000
2023-05-25 22:18:52,33,W+R,0,False,False,False,B,-0.85,12.3654,151000
2023-05-25 22:19:03,33,W+R,0,False,False,False,B,-0.85,12.3696,151000
2023-05-25 22:19:13,33,W+R,0,False,False,False,B,-0.85,12.3251,151000
2023-05-25 22:19:24,33,W+R,0,False,False,False,B,-0.85,12.1616,151000
2023-05-25 22:19:35,33,W+R,0,False,False,False,B,-0.85,12.1939,151000
2023-05-25 22:19:47,36,B+R,0,False,False,False,W,-0.85,12.2117,151000
2023-05-25 22:20:02,53,W+R,0,False,False,False,B,-0.85,12.2653,151000
2023-05-25 22:20:09,33,W+R,0,False,False,False,B,-0.85,12.1516,151000
2023-05-25 22:20:18,33,W+R,0,False,False,False,B,-0.85,12.1399,151000
2023-05-25 22:20:28,33,W+R,0,False,False,False,B,-0.85,12.1584,151000
2023-05-25 22:20:39,34,B+R,0,False,False,False,W,-0.85,12.1541,151000
2023-05-25 22:20:59,67,W+R,5,False,False,False,B,-0.85,12.2483,151000
2023-05-25 22:21:07,33,W+R,0,False,False,False,B,-0.85,12.2205,151000
2023-05-25 22:21:38,162,W+12.5,42,True,True,False,B,-0.85,12.4016,151000
2023-05-25 22:21:45,32,B+R,0,False,False,False,W,-0.85,12.3718,151000
2023-05-25 22:22:00,55,W+7.5,2,True,True,False,B,-0.85,12.4138,151000
2023-05-25 22:22:10,33,W+R,0,False,False,False,B,-0.85,12.3012,151000
2023-05-25 22:22:31,74,B+R,0,False,False,False,W,-0.85,12.418,151000
2023-05-25 22:22:40,33,W+R,0,False,False,False,B,-0.85,12.4059,151000
2023-05-25 22:22:49,33,W+R,0,False,False,False,B,-0.85,12.3969,151000
2023-05-25 22:22:58,33,W+R,0,False,False,False,B,-0.85,12.3938,151000
2023-05-25 22:23:06,33,W+R,0,False,False,False,B,-0.85,12.3775,151000
2023-05-25 22:23:17,33,W+R,0,False,False,False,B,-0.85,12.3344,151000
2023-05-25 22:23:26,33,W+R,0,False,False,False,B,-0.85,12.318,151000
2023-05-25 22:23:36,32,B+R,0,False,False,False,W,-0.85,12.2857,151000
2023-05-25 22:23:46,33,W+R,0,False,False,False,B,-0.85,12.2739,151000
2023-05-25 22:23:57,33,W+R,0,False,False,False,B,-0.85,12.2895,151000
2023-05-25 22:24:07,33,W+R,0,False,False,False,B,-0.85,12.2862,151000
2023-05-25 22:24:14,32,B+R,0,False,False,False,W,-0.85,12.235,151000
2023-05-25 22:24:35,81,W+7.5,9,True,True,False,B,-0.85,12.3438,151000
2023-05-25 22:24:44,32,B+R,0,False,False,False,W,-0.85,12.3631,151000
2023-05-25 22:24:54,33,W+R,0,False,False,False,B,-0.85,12.3753,151000
2023-05-25 22:25:04,33,W+R,0,False,False,False,B,-0.85,12.3841,151000
2023-05-25 22:25:15,33,W+R,0,False,False,False,B,-0.85,12.405,151000
2023-05-25 22:25:24,33,W+R,0,False,False,False,B,-0.85,12.1902,151000
2023-05-25 22:25:38,41,W+R,0,False,False,False,B,-0.85,12.2192,151000
2023-05-25 22:25:49,45,W+R,0,False,False,False,B,-0.85,12.2374,151000
2023-05-25 22:25:59,33,W+R,0,False,False,False,B,-0.85,12.236,151000
2023-05-25 22:26:12,43,W+2.5,3,True,True,False,B,-0.85,12.254,151000
2023-05-25 22:26:22,33,W+R,0,False,False,False,B,-0.85,12.2587,151000
2023-05-25 22:27:53,33,W+R,0,False,False,False,B,-0.85,12.2458,152000
2023-05-25 22:28:03,33,W+R,0,False,False,False,B,-0.85,12.2479,152000
2023-05-25 22:28:13,33,W+R,0,False,False,False,B,-0.85,12.2394,152000
2023-05-25 22:28:24,33,W+R,0,False,False,False,B,-0.85,12.2471,152000
2023-05-25 22:28:34,33,W+R,0,False,False,False,B,-0.85,12.2418,152000
2023-05-25 22:28:45,33,W+R,0,False,False,False,B,-0.85,12.2679,152000
2023-05-25 22:28:56,33,W+R,0,False,False,False,B,-0.85,12.2729,152000
2023-05-25 22:29:07,33,W+R,0,False,False,False,B,-0.85,12.2655,152000
2023-05-25 22:29:15,33,W+R,0,False,False,False,B,-0.85,12.2389,152000
2023-05-25 22:29:23,35,W+R,0,False,False,False,B,-0.85,12.2242,152000
2023-05-25 22:29:34,38,B+R,0,False,False,False,W,-0.85,12.2322,152000
2023-05-25 22:29:44,33,W+R,0,False,False,False,B,-0.85,12.2507,152000
2023-05-25 22:29:52,32,B+R,0,False,False,False,W,-0.85,12.069,152000
2023-05-25 22:30:00,33,W+R,0,False,False,False,B,-0.85,12.0487,152000
2023-05-25 22:30:08,33,W+R,0,False,False,False,B,-0.85,12.0256,152000
2023-05-25 22:30:15,33,W+R,0,False,False,False,B,-0.85,11.9994,152000
2023-05-25 22:30:23,33,W+R,0,False,False,False,B,-0.85,11.8996,152000
2023-05-25 22:30:33,32,B+R,0,False,False,False,W,-0.85,11.9037,152000
2023-05-25 22:30:43,32,B+R,0,False,False,False,W,-0.85,11.9017,152000
2023-05-25 22:30:57,48,B+R,0,False,False,False,W,-0.85,11.9779,152000
2023-05-25 22:31:07,32,B+R,0,False,False,False,W,-0.85,11.9346,152000
2023-05-25 22:31:18,33,W+R,0,False,False,False,B,-0.85,11.8536,152000
2023-05-25 22:31:25,33,W+R,0,False,False,False,B,-0.85,11.8218,152000
2023-05-25 22:31:35,33,W+R,0,False,False,False,B,-0.85,11.8196,152000
2023-05-25 22:31:45,33,W+R,0,False,False,False,B,-0.85,11.8133,152000
2023-05-25 22:31:55,33,W+R,0,False,False,False,B,-0.85,11.5164,152000
2023-05-25 22:32:03,32,B+R,0,False,False,False,W,-0.85,11.389,152000
2023-05-25 22:32:12,33,W+R,0,False,False,False,B,-0.85,11.2896,152000
2023-05-25 22:32:21,33,W+R,0,False,False,False,B,-0.85,11.2946,152000
2023-05-25 22:32:31,33,W+R,0,False,False,False,B,-0.85,11.3002,152000
2023-05-25 22:32:41,33,W+R,0,False,False,False,B,-0.85,11.3027,152000
2023-05-25 22:33:22,162,W+9.5,32,True,True,False,B,-0.85,11.5668,152000
2023-05-25 22:33:30,33,W+R,0,False,False,False,B,-0.85,11.5576,152000
2023-05-25 22:34:01,82,B+R,4,False,False,False,W,-0.85,11.6489,152000
2023-05-25 22:34:11,33,W+R,0,False,False,False,B,-0.85,11.6667,152000
2023-05-25 22:34:48,128,W+5.5,22,True,True,False,B,-0.85,11.9338,152000
2023-05-25 22:34:57,33,W+R,0,False,False,False,B,-0.85,11.8292,152000
2023-05-25 22:35:08,40,B+R,0,False,False,False,W,-0.85,11.8252,152000
2023-05-25 22:35:17,33,W+R,0,False,False,False,B,-0.85,11.8057,152000
2023-05-25 22:35:27,33,W+R,0,False,False,False,B,-0.85,11.8118,152000
2023-05-25 22:35:37,33,W+R,0,False,False,False,B,-0.85,11.6823,152000
2023-05-25 22:35:46,32,B+R,0,False,False,False,W,-0.85,11.5343,152000
2023-05-25 22:35:56,33,W+R,0,False,False,False,B,-0.85,11.5259,152000
2023-05-25 22:36:14,57,W+R,0,False,False,False,B,-0.85,11.5282,152000
2023-05-25 22:36:25,33,W+R,0,False,False,False,B,-0.85,11.5307,152000
2023-05-25 22:36:33,33,W+R,0,False,False,False,B,-0.85,11.511,152000
2023-05-25 22:36:43,33,W+R,0,False,False,False,B,-0.85,11.4741,152000
2023-05-25 22:38:13,32,B+R,0,False,False,False,W,-0.85,11.4376,153000
2023-05-25 22:38:24,33,W+R,0,False,False,False,B,-0.85,11.4521,153000
2023-05-25 22:38:34,33,W+R,0,False,False,False,B,-0.85,11.4535,153000
2023-05-25 22:38:44,33,W+R,0,False,False,False,B,-0.85,11.4671,153000
2023-05-25 22:38:54,32,B+R,0,False,False,False,W,-0.85,11.474,153000
2023-05-25 22:39:04,33,W+R,0,False,False,False,B,-0.85,11.479,153000
2023-05-25 22:39:25,68,B+R,0,False,False,False,W,-0.85,11.5094,153000
2023-05-25 22:39:36,33,W+R,0,False,False,False,B,-0.85,11.5119,153000
2023-05-25 22:39:49,41,W+R,0,False,False,False,B,-0.85,11.5543,153000
2023-05-25 22:39:58,33,W+R,0,False,False,False,B,-0.85,11.458,153000
2023-05-25 22:40:07,33,W+R,0,False,False,False,B,-0.85,11.4501,153000
2023-05-25 22:40:19,33,W+R,0,False,False,False,B,-0.85,11.4536,153000
2023-05-25 22:40:28,32,B+R,0,False,False,False,W,-0.85,11.4363,153000
2023-05-25 22:40:39,33,W+R,0,False,False,False,B,-0.85,11.4444,153000
2023-05-25 22:40:48,33,W+R,0,False,False,False,B,-0.85,11.4261,153000
2023-05-25 22:40:58,33,W+R,0,False,False,False,B,-0.85,11.42,153000
2023-05-25 22:41:07,33,W+R,0,False,False,False,B,-0.85,11.3944,153000
2023-05-25 22:41:18,33,W+R,0,False,False,False,B,-0.85,11.3497,153000
2023-05-25 22:41:28,32,B+R,0,False,False,False,W,-0.85,11.3784,153000
2023-05-25 22:41:39,33,W+R,0,False,False,False,B,-0.85,11.4001,153000
2023-05-25 22:41:51,37,W+R,0,False,False,False,B,-0.85,11.4116,153000
2023-05-25 22:42:02,33,W+R,0,False,False,False,B,-0.85,11.4216,153000
2023-05-25 22:42:10,32,B+R,0,False,False,False,W,-0.85,11.299,153000
2023-05-25 22:42:20,33,W+R,0,False,False,False,B,-0.85,11.3236,153000
2023-05-25 22:42:28,32,B+R,0,False,False,False,W,-0.85,11.0856,153000
2023-05-25 22:42:42,48,B+R,0,False,False,False,W,-0.85,11.1516,153000
2023-05-25 22:43:13,162,W+20.5,27,True,True,False,B,-0.85,11.3122,153000
2023-05-25 22:43:23,33,W+R,0,False,False,False,B,-0.85,11.3115,153000
2023-05-25 22:43:31,33,W+R,0,False,False,False,B,-0.85,11.1888,153000
2023-05-25 22:43:40,33,W+R,0,False,False,False,B,-0.85,11.1872,153000
2023-05-25 22:43:51,41,W+R,0,False,False,False,B,-0.85,11.2078,153000
2023-05-25 22:44:01,32,B+R,0,False,False,False,W,-0.85,11.2201,153000
2023-05-25 22:44:11,33,W+R,0,False,False,False,B,-0.85,11.2355,153000
2023-05-25 22:44:21,33,W+R,0,False,False,False,B,-0.85,11.2308,153000
2023-05-25 22:44:31,33,W+R,0,False,False,False,B,-0.85,11.2396,153000
2023-05-25 22:44:41,33,W+R,0,False,False,False,B,-0.85,11.24,153000
2023-05-25 22:44:51,33,W+R,0,False,False,False,B,-0.85,11.2411,153000
2023-05-25 22:45:02,40,B+R,0,False,False,False,W,-0.85,11.2444,153000
2023-05-25 22:45:26,72,B+R,0,False,False,False,W,-0.85,11.383,153000
2023-05-25 22:45:36,33,W+R,0,False,False,False,B,-0.85,11.4108,153000
2023-05-25 22:45:46,33,W+R,0,False,False,False,B,-0.85,11.2914,153000
2023-05-25 22:45:55,33,W+R,0,False,False,False,B,-0.85,11.2888,153000
2023-05-25 22:46:05,35,W+R,0,False,False,False,B,-0.85,11.2948,153000
2023-05-25 22:46:14,33,W+R,0,False,False,False,B,-0.85,11.2915,153000
2023-05-25 22:46:24,33,W+R,0,False,False,False,B,-0.85,11.2809,153000
2023-05-25 22:46:35,33,W+R,0,False,False,False,B,-0.85,11.2909,153000
2023-05-25 22:46:45,33,W+R,0,False,False,False,B,-0.85,11.2617,153000
2023-05-25 22:46:55,33,W+R,0,False,False,False,B,-0.85,11.2396,153000
2023-05-25 22:47:05,33,W+R,0,False,False,False,B,-0.85,11.2446,153000
2023-05-25 22:48:53,162,B+3.5,43,True,True,False,W,-0.85,11.4141,154000
2023-05-25 22:49:14,72,B+R,1,False,False,False,W,-0.85,11.5292,154000
2023-05-25 22:49:22,33,W+R,0,False,False,False,B,-0.85,11.5138,154000
2023-05-25 22:49:32,32,B+R,0,False,False,False,W,-0.85,11.5078,154000
2023-05-25 22:49:50,53,W+R,4,False,False,False,B,-0.85,11.5782,154000
2023-05-25 22:50:01,33,W+R,0,False,False,False,B,-0.85,11.583,154000
2023-05-25 22:50:10,33,W+R,0,False,False,False,B,-0.85,11.5711,154000
2023-05-25 22:50:20,33,W+R,0,False,False,False,B,-0.85,11.5701,154000
2023-05-25 22:50:29,33,W+R,0,False,False,False,B,-0.85,11.5435,154000
2023-05-25 22:50:39,33,W+R,0,False,False,False,B,-0.85,11.5392,154000
2023-05-25 22:51:00,77,W+5.5,6,True,True,False,B,-0.85,11.6614,154000
2023-05-25 22:51:10,33,W+R,0,False,False,False,B,-0.85,11.6829,154000
2023-05-25 22:51:21,33,W+R,0,False,False,False,B,-0.85,11.688,154000
2023-05-25 22:51:56,129,B+14.5,27,True,True,False,W,-0.85,11.9356,154000
2023-05-25 22:52:06,33,W+R,0,False,False,False,B,-0.85,11.9503,154000
2023-05-25 22:52:15,33,W+R,0,False,False,False,B,-0.85,11.9662,154000
2023-05-25 22:52:22,33,W+R,0,False,False,False,B,-0.85,11.9603,154000
2023-05-25 22:52:31,32,B+R,0,False,False,False,W,-0.85,11.9732,154000
2023-05-25 22:52:39,41,W+R,0,False,False,False,B,-0.85,11.9815,154000
2023-05-25 22:52:45,33,W+R,0,False,False,False,B,-0.85,11.9417,154000
2023-05-25 22:52:53,33,W+R,0,False,False,False,B,-0.85,11.9162,154000
2023-05-25 22:52:59,32,B+R,0,False,False,False,W,-0.85,11.8379,154000
2023-05-25 22:53:09,33,W+R,0,False,False,False,B,-0.85,11.8317,154000
2023-05-25 22:53:18,33,W+R,0,False,False,False,B,-0.85,11.8241,154000
2023-05-25 22:53:27,32,B+R,0,False,False,False,W,-0.85,11.8314,154000
2023-05-25 22:53:45,57,W+R,0,False,False,False,B,-0.85,11.9108,154000
2023-05-25 22:54:02,53,W+R,0,False,False,False,B,-0.85,11.9849,154000
2023-05-25 22:54:17,45,W+R,0,False,False,False,B,-0.85,12.0422,154000
2023-05-25 22:54:31,45,W+27.5,2,True,True,False,B,-0.85,12.0956,154000
2023-05-25 22:54:56,90,W+6.5,11,True,True,False,B,-0.85,12.2541,154000
2023-05-25 22:55:06,33,W+R,0,False,False,False,B,-0.85,12.2648,154000
2023-05-25 22:55:27,68,B+R,0,False,False,False,W,-0.85,12.3761,154000
2023-05-25 22:55:35,32,B+R,0,False,False,False,W,-0.85,12.3604,154000
2023-05-25 22:55:45,33,W+R,0,False,False,False,B,-0.85,12.044,154000
2023-05-25 22:55:55,33,W+R,0,False,False,False,B,-0.85,12.0593,154000
2023-05-25 22:56:05,33,W+R,0,False,False,False,B,-0.85,11.858,154000
2023-05-25 22:56:15,33,W+R,0,False,False,False,B,-0.85,11.8569,154000
2023-05-25 22:56:25,33,W+R,0,False,False,False,B,-0.85,11.5775,154000
2023-05-25 22:56:34,33,W+R,0,False,False,False,B,-0.85,11.5892,154000
2023-05-25 22:56:57,91,W+12.5,15,True,True,False,B,-0.85,11.7053,154000
2023-05-25 22:58:35,90,W+2.5,8,True,True,False,B,-0.85,11.7997,155000
2023-05-25 22:58:53,55,W+R,0,False,False,False,B,-0.85,11.8745,155000
2023-05-25 22:59:03,33,W+R,0,False,False,False,B,-0.85,11.8897,155000
2023-05-25 22:59:11,33,W+R,0,False,False,False,B,-0.85,11.8658,155000
2023-05-25 22:59:18,32,B+R,0,False,False,False,W,-0.85,11.7517,155000
2023-05-25 22:59:27,33,W+R,0,False,False,False,B,-0.85,11.737,155000
2023-05-25 22:59:41,52,W+16.5,4,True,True,False,B,-0.85,11.8033,155000
2023-05-25 22:59:51,32,B+R,0,False,False,False,W,-0.85,11.7983,155000
2023-05-25 23:00:02,33,W+R,1,False,False,False,B,-0.85,11.8086,155000
2023-05-25 23:00:13,40,B+R,0,False,False,False,W,-0.85,11.8167,155000
2023-05-25 23:00:23,33,W+R,0,False,False,False,B,-0.85,11.8045,155000
2023-05-25 23:00:32,32,B+R,0,False,False,False,W,-0.85,11.7995,155000
2023-05-25 23:00:42,33,W+R,0,False,False,False,B,-0.85,11.7995,155000
2023-05-25 23:00:52,32,B+R,0,False,False,False,W,-0.85,11.7981,155000
2023-05-25 23:01:16,83,B+4.5,7,True,True,False,W,-0.85,11.9367,155000
2023-05-25 23:01:26,32,B+R,0,False,False,False,W,-0.85,11.8262,155000
2023-05-25 23:01:36,33,W+R,0,False,False,False,B,-0.85,11.8185,155000
2023-05-25 23:01:48,32,B+R,0,False,False,False,W,-0.85,11.8058,155000
2023-05-25 23:01:56,32,B+R,0,False,False,False,W,-0.85,11.7966,155000
2023-05-25 23:02:06,33,W+R,0,False,False,False,B,-0.85,11.8044,155000
2023-05-25 23:02:16,33,W+R,0,False,False,False,B,-0.85,11.7874,155000
2023-05-25 23:02:45,119,W+0.5,25,True,True,False,B,-0.85,11.9907,155000
2023-05-25 23:02:52,32,B+R,0,False,False,False,W,-0.85,11.951,155000
2023-05-25 23:02:59,33,W+R,0,False,False,False,B,-0.85,11.9292,155000
2023-05-25 23:03:16,59,W+R,2,False,False,False,B,-0.85,11.9972,155000
2023-05-25 23:03:26,33,W+R,0,False,False,False,B,-0.85,11.9992,155000
2023-05-25 23:03:36,32,B+R,0,False,False,False,W,-0.85,11.9988,155000
2023-05-25 23:03:47,51,W+13.5,4,True,True,False,B,-0.85,12.0065,155000
2023-05-25 23:04:00,71,W+2.5,6,True,True,False,B,-0.85,12.0248,155000
2023-05-25 23:04:09,33,W+R,0,False,False,False,B,-0.85,12.0035,155000
2023-05-25 23:04:20,33,W+R,0,False,False,False,B,-0.85,12.0007,155000
2023-05-25 23:04:30,33,W+R,0,False,False,False,B,-0.85,12.0251,155000
2023-05-25 23:04:39,33,W+R,0,False,False,False,B,-0.85,12.0028,155000
2023-05-25 23:04:59,98,W+3.5,12,True,True,False,B,-0.85,12.1248,155000
2023-05-25 23:05:09,34,B+R,0,False,False,False,W,-0.85,12.0861,155000
2023-05-25 23:05:31,73,W+R,0,False,False,False,B,-0.85,12.0008,155000
2023-05-25 23:05:39,33,W+R,0,False,False,False,B,-0.85,11.9827,155000
2023-05-25 23:05:51,41,W+R,0,False,False,False,B,-0.85,12.0152,155000
2023-05-25 23:06:02,33,W+R,0,False,False,False,B,-0.85,12.0285,155000
2023-05-25 23:06:14,33,W+R,0,False,False,False,B,-0.85,12.0435,155000
2023-05-25 23:06:24,32,B+R,0,False,False,False,W,-0.85,12.0487,155000
2023-05-25 23:06:36,33,W+R,1,False,False,False,B,-0.85,12.0641,155000
2023-05-25 23:06:47,33,W+R,0,False,False,False,B,-0.85,12.0775,155000
2023-05-25 23:08:27,33,W+R,2,False,False,False,B,-0.85,12.1571,156000
2023-05-25 23:08:38,38,B+R,0,False,False,False,W,-0.85,12.1681,156000
2023-05-25 23:08:48,32,B+R,0,False,False,False,W,-0.85,12.1483,156000
2023-05-25 23:08:56,32,B+R,0,False,False,False,W,-0.85,11.9979,156000
2023-05-25 23:09:07,33,W+R,0,False,False,False,B,-0.85,12.0082,156000
2023-05-25 23:09:20,33,W+R,0,False,False,False,B,-0.85,12.0412,156000
2023-05-25 23:09:31,33,W+R,0,False,False,False,B,-0.85,12.0631,156000
2023-05-25 23:10:00,95,B+4.5,9,True,True,False,W,-0.85,12.2471,156000
2023-05-25 23:10:17,58,B+R,0,False,False,False,W,-0.85,12.3267,156000
2023-05-25 23:10:27,32,B+R,0,False,False,False,W,-0.85,12.3273,156000
2023-05-25 23:10:37,33,W+R,0,False,False,False,B,-0.85,12.3202,156000
2023-05-25 23:10:47,33,W+R,0,False,False,False,B,-0.85,12.3179,156000
2023-05-25 23:10:58,33,W+R,0,False,False,False,B,-0.85,12.3299,156000
2023-05-25 23:11:09,33,W+R,0,False,False,False,B,-0.85,12.3359,156000
2023-05-25 23:11:29,64,B+R,0,False,False,False,W,-0.85,12.4661,156000
2023-05-25 23:11:45,60,W+18.5,2,True,True,False,B,-0.85,12.2988,156000
2023-05-25 23:12:06,71,B+14.5,3,True,True,False,W,-0.85,12.3078,156000
2023-05-25 23:12:22,51,W+R,3,False,False,False,B,-0.85,12.3779,156000
2023-05-25 23:12:40,58,B+R,1,False,False,False,W,-0.85,12.4561,156000
2023-05-25 23:12:49,32,B+R,0,False,False,False,W,-0.85,12.3756,156000
2023-05-25 23:12:59,33,W+R,0,False,False,False,B,-0.85,12.3648,156000
2023-05-25 23:13:14,50,B+R,0,False,False,False,W,-0.85,12.4236,156000
2023-05-25 23:13:24,33,W+R,0,False,False,False,B,-0.85,12.4179,156000
2023-05-25 23:13:34,33,W+R,0,False,False,False,B,-0.85,12.4346,156000
2023-05-25 23:13:45,33,W+R,0,False,False,False,B,-0.85,12.4416,156000
2023-05-25 23:14:01,61,W+R,0,False,False,False,B,-0.85,12.3919,156000
2023-05-25 23:14:11,33,W+R,0,False,False,False,B,-0.85,12.3903,156000
2023-05-25 23:14:35,118,W+5.5,20,True,True,False,B,-0.85,12.5127,156000
2023-05-25 23:14:49,76,W+6.5,3,True,True,False,B,-0.85,12.3158,156000
2023-05-25 23:14:59,33,W+R,0,False,False,False,B,-0.85,12.3078,156000
2023-05-25 23:15:08,33,W+R,0,False,False,False,B,-0.85,12.3034,156000
2023-05-25 23:15:21,45,W+R,0,False,False,False,B,-0.85,12.3706,156000
2023-05-25 23:15:32,33,W+R,0,False,False,False,B,-0.85,12.3837,156000
2023-05-25 23:15:55,92,W+5.5,11,True,True,False,B,-0.85,12.5402,156000
2023-05-25 23:16:05,33,W+R,0,False,False,False,B,-0.85,12.5798,156000
2023-05-25 23:16:15,33,W+R,0,False,False,False,B,-0.85,12.6015,156000
2023-05-25 23:16:25,33,W+R,0,False,False,False,B,-0.85,12.6395,156000
2023-05-25 23:16:36,33,W+R,0,False,False,False,B,-0.85,12.6452,156000
2023-05-25 23:16:44,33,W+R,0,False,False,False,B,-0.85,12.6331,156000
2023-05-25 23:16:52,32,B+R,0,False,False,False,W,-0.85,12.6355,156000
2023-05-25 23:17:03,33,W+R,0,False,False,False,B,-0.85,12.5559,156000
2023-05-25 23:17:13,34,B+R,0,False,False,False,W,-0.85,12.4857,156000
2023-05-25 23:18:41,33,W+R,0,False,False,False,B,-0.85,12.3614,157000
2023-05-25 23:18:49,33,W+R,0,False,False,False,B,-0.85,12.1974,157000
2023-05-25 23:18:59,33,W+R,0,False,False,False,B,-0.85,12.2037,157000
2023-05-25 23:19:09,33,W+R,0,False,False,False,B,-0.85,12.0888,157000
2023-05-25 23:19:29,72,B+R,9,False,False,False,W,-0.85,12.2065,157000
2023-05-25 23:19:40,33,W+R,0,False,False,False,B,-0.85,12.2187,157000
2023-05-25 23:19:51,33,W+R,0,False,False,False,B,-0.85,12.2252,157000
2023-05-25 23:20:02,33,W+R,0,False,False,False,B,-0.85,12.2361,157000
2023-05-25 23:20:13,33,W+R,0,False,False,False,B,-0.85,12.2483,157000
2023-05-25 23:20:22,33,W+R,0,False,False,False,B,-0.85,12.242,157000
2023-05-25 23:20:32,33,W+R,1,False,False,False,B,-0.85,12.2474,157000
2023-05-25 23:20:43,34,B+R,0,False,False,False,W,-0.85,12.1219,157000
2023-05-25 23:21:00,60,B+R,1,False,False,False,W,-0.85,12.2111,157000
2023-05-25 23:21:10,33,W+R,0,False,False,False,B,-0.85,12.1115,157000
2023-05-25 23:21:18,33,W+R,0,False,False,False,B,-0.85,12.015,157000
2023-05-25 23:21:28,33,W+R,0,False,False,False,B,-0.85,12.017,157000
2023-05-25 23:21:36,33,W+R,0,False,False,False,B,-0.85,12.0226,157000
2023-05-25 23:21:47,33,W+R,0,False,False,False,B,-0.85,12.0533,157000
2023-05-25 23:21:54,33,W+R,0,False,False,False,B,-0.85,12.0381,157000
2023-05-25 23:22:03,33,W+R,0,False,False,False,B,-0.85,11.9829,157000
2023-05-25 23:22:13,33,W+R,0,False,False,False,B,-0.85,11.9815,157000
2023-05-25 23:22:23,33,W+R,0,False,False,False,B,-0.85,11.9703,157000
2023-05-25 23:22:32,33,W+R,0,False,False,False,B,-0.85,11.955,157000
2023-05-25 23:22:55,76,W+2.5,3,False,False,False,,-0.85,12.0885,157000
2023-05-25 23:23:04,33,W+R,0,False,False,False,B,-0.85,12.0854,157000
2023-05-25 23:23:15,33,W+R,0,False,False,False,B,-0.85,12.09,157000
2023-05-25 23:23:23,33,W+R,0,False,False,False,B,-0.85,12.0754,157000
2023-05-25 23:23:32,33,W+R,0,False,False,False,B,-0.85,11.9254,157000
2023-05-25 23:23:42,33,W+R,0,False,False,False,B,-0.85,11.925,157000
2023-05-25 23:23:50,33,W+R,0,False,False,False,B,-0.85,11.9033,157000
2023-05-25 23:24:11,87,W+4.5,10,True,True,False,B,-0.85,12.0015,157000
2023-05-25 23:24:22,37,W+R,0,False,False,False,B,-0.85,12.0303,157000
2023-05-25 23:24:42,61,W+0.5,3,False,False,False,,-0.85,12.1216,157000
2023-05-25 23:24:51,32,B+R,0,False,False,False,W,-0.85,12.118,157000
2023-05-25 23:25:04,47,W+R,0,False,False,False,B,-0.85,11.9484,157000
2023-05-25 23:25:13,33,W+R,0,False,False,False,B,-0.85,11.9745,157000
2023-05-25 23:25:22,33,W+R,0,False,False,False,B,-0.85,11.9947,157000
2023-05-25 23:25:32,33,W+R,0,False,False,False,B,-0.85,11.9248,157000
2023-05-25 23:25:45,41,W+R,0,False,False,False,B,-0.85,11.963,157000
2023-05-25 23:25:56,37,W+R,0,False,False,False,B,-0.85,11.96,157000
2023-05-25 23:26:05,33,W+R,0,False,False,False,B,-0.85,11.9388,157000
2023-05-25 23:26:15,33,W+R,0,False,False,False,B,-0.85,11.9189,157000
2023-05-25 23:26:26,33,W+R,0,False,False,False,B,-0.85,11.929,157000
2023-05-25 23:26:37,33,W+R,0,False,False,False,B,-0.85,11.9266,157000
2023-05-25 23:26:47,33,W+R,0,False,False,False,B,-0.85,11.925,157000
2023-05-25 23:26:57,33,W+R,0,False,False,False,B,-0.85,11.9483,157000
2023-05-25 23:27:04,33,W+R,0,False,False,False,B,-0.85,11.8195,157000
2023-05-25 23:27:12,33,W+R,0,False,False,False,B,-0.85,11.8004,157000
2023-05-25 23:29:07,162,B+9.5,36,True,True,False,W,-0.85,11.9447,158000
2023-05-25 23:29:18,34,B+R,0,False,False,False,W,-0.85,11.9373,158000
2023-05-25 23:29:30,35,W+R,0,False,False,False,B,-0.85,11.9503,158000
2023-05-25 23:29:40,32,B+R,0,False,False,False,W,-0.85,11.9251,158000
2023-05-25 23:29:51,33,W+R,0,False,False,False,B,-0.85,11.9369,158000
2023-05-25 23:30:02,33,W+R,0,False,False,False,B,-0.85,11.9265,158000
2023-05-25 23:30:12,33,W+R,0,False,False,False,B,-0.85,11.9112,158000
2023-05-25 23:30:22,32,B+R,0,False,False,False,W,-0.85,11.8342,158000
2023-05-25 23:30:41,68,B+R,0,False,False,False,W,-0.85,11.9231,158000
2023-05-25 23:30:49,32,B+R,0,False,False,False,W,-0.85,11.8967,158000
2023-05-25 23:30:57,33,W+R,0,False,False,False,B,-0.85,11.8844,158000
2023-05-25 23:31:07,33,W+R,0,False,False,False,B,-0.85,11.8881,158000
2023-05-25 23:31:23,55,W+R,1,False,False,False,B,-0.85,11.9378,158000
2023-05-25 23:31:31,33,W+R,0,False,False,False,B,-0.85,11.8935,158000
2023-05-25 23:31:39,33,W+R,0,False,False,False,B,-0.85,11.8609,158000
2023-05-25 23:31:53,50,B+R,0,False,False,False,W,-0.85,11.7176,158000
2023-05-25 23:32:02,33,W+R,0,False,False,False,B,-0.85,11.6285,158000
2023-05-25 23:32:11,33,W+R,0,False,False,False,B,-0.85,11.6271,158000
2023-05-25 23:32:21,33,W+R,0,False,False,False,B,-0.85,11.629,158000
2023-05-25 23:32:32,33,W+R,0,False,False,False,B,-0.85,11.6315,158000
2023-05-25 23:32:45,45,W+R,0,False,False,False,B,-0.85,11.6572,158000
2023-05-25 23:32:55,32,B+R,0,False,False,False,W,-0.85,11.6488,158000
2023-05-25 23:33:05,33,W+R,0,False,False,False,B,-0.85,11.5482,158000
2023-05-25 23:33:16,33,W+R,0,False,False,False,B,-0.85,11.4979,158000
2023-05-25 23:33:26,33,W+R,0,False,False,False,B,-0.85,11.3842,158000
2023-05-25 23:33:50,73,W+R,1,False,False,False,B,-0.85,11.4662,158000
2023-05-25 23:34:00,33,W+R,0,False,False,False,B,-0.85,11.3893,158000
2023-05-25 23:34:10,33,W+R,0,False,False,False,B,-0.85,11.3976,158000
2023-05-25 23:34:21,34,B+R,0,False,False,False,W,-0.85,11.4002,158000
2023-05-25 23:34:31,33,W+R,0,False,False,False,B,-0.85,11.3488,158000
2023-05-25 23:34:39,33,W+R,0,False,False,False,B,-0.85,11.3353,158000
2023-05-25 23:34:49,33,W+R,0,False,False,False,B,-0.85,11.3304,158000
2023-05-25 23:34:59,33,W+R,0,False,False,False,B,-0.85,11.3201,158000
2023-05-25 23:35:10,36,B+R,0,False,False,False,W,-0.85,11.2701,158000
2023-05-25 23:35:19,32,B+R,0,False,False,False,W,-0.85,11.2653,158000
2023-05-25 23:35:30,33,W+R,0,False,False,False,B,-0.85,11.1387,158000
2023-05-25 23:35:59,116,W+1.5,24,True,True,False,B,-0.85,11.2837,158000
2023-05-25 23:36:21,70,B+R,0,False,False,False,W,-0.85,11.411,158000
2023-05-25 23:36:32,33,W+R,0,False,False,False,B,-0.85,11.4338,158000
2023-05-25 23:36:55,92,W+4.5,9,True,True,False,B,-0.85,11.5274,158000
2023-05-25 23:37:06,33,W+R,0,False,False,False,B,-0.85,11.5282,158000
2023-05-25 23:37:16,33,W+R,0,False,False,False,B,-0.85,11.3926,158000
2023-05-25 23:38:47,33,W+R,0,False,False,False,B,-0.85,11.5134,159000
2023-05-25 23:38:57,33,W+R,0,False,False,False,B,-0.85,11.5101,159000
2023-05-25 23:39:07,36,B+R,0,False,False,False,W,-0.85,11.5057,159000
2023-05-25 23:39:15,33,W+R,0,False,False,False,B,-0.85,11.4962,159000
2023-05-25 23:39:45,121,W+4.5,29,True,True,False,B,-0.85,11.7186,159000
2023-05-25 23:39:53,33,W+R,0,False,False,False,B,-0.85,11.6945,159000
2023-05-25 23:40:03,32,B+R,0,False,False,False,W,-0.85,11.6918,159000
2023-05-25 23:40:11,33,W+R,0,False,False,False,B,-0.85,11.6852,159000
2023-05-25 23:40:20,33,W+R,0,False,False,False,B,-0.85,11.7005,159000
2023-05-25 23:40:31,32,B+R,0,False,False,False,W,-0.85,11.7173,159000
2023-05-25 23:40:41,32,B+R,0,False,False,False,W,-0.85,11.7208,159000
2023-05-25 23:40:51,33,W+R,0,False,False,False,B,-0.85,11.7177,159000
2023-05-25 23:41:01,33,W+R,0,False,False,False,B,-0.85,11.6196,159000
2023-05-25 23:41:10,33,W+R,0,False,False,False,B,-0.85,11.6009,159000
2023-05-25 23:41:18,33,W+R,0,False,False,False,B,-0.85,11.5769,159000
2023-05-25 23:41:29,37,W+R,0,False,False,False,B,-0.85,11.5716,159000
2023-05-25 23:41:39,33,W+R,0,False,False,False,B,-0.85,11.5571,159000
2023-05-25 23:41:50,33,W+R,0,False,False,False,B,-0.85,11.5766,159000
2023-05-25 23:42:00,33,W+R,0,False,False,False,B,-0.85,11.5822,159000
2023-05-25 23:42:11,33,W+R,0,False,False,False,B,-0.85,11.5845,159000
2023-05-25 23:42:21,33,W+R,0,False,False,False,B,-0.85,11.515,159000
2023-05-25 23:42:29,33,W+R,0,False,False,False,B,-0.85,11.4921,159000
2023-05-25 23:42:39,33,W+R,0,False,False,False,B,-0.85,11.5134,159000
2023-05-25 23:43:06,75,W+R,0,False,False,False,B,-0.85,11.6803,159000
2023-05-25 23:43:17,33,W+R,0,False,False,False,B,-0.85,11.7056,159000
2023-05-25 23:43:28,33,W+R,0,False,False,False,B,-0.85,11.7178,159000
2023-05-25 23:43:44,63,B+1.5,3,True,True,False,W,-0.85,11.7964,159000
2023-05-25 23:43:53,32,B+R,0,False,False,False,W,-0.85,11.7985,159000
2023-05-25 23:44:15,77,B+7.5,3,True,True,False,W,-0.85,11.921,159000
2023-05-25 23:44:37,75,W+11.5,3,True,True,False,B,-0.85,12.0414,159000
2023-05-25 23:44:45,33,W+R,0,False,False,False,B,-0.85,12.0352,159000
2023-05-25 23:45:06,74,W+4.5,7,True,True,False,B,-0.85,12.0104,159000
2023-05-25 23:45:59,155,W+7.5,29,True,True,False,B,-0.85,12.4549,159000
2023-05-25 23:46:10,33,W+R,0,False,False,False,B,-0.85,12.4552,159000
2023-05-25 23:46:21,33,W+R,0,False,False,False,B,-0.85,12.4794,159000
2023-05-25 23:46:46,113,B+2.5,17,True,True,False,W,-0.85,12.6438,159000
2023-05-25 23:46:54,33,W+R,0,False,False,False,B,-0.85,12.6207,159000
2023-05-25 23:47:01,32,B+R,0,False,False,False,W,-0.85,12.6141,159000
2023-05-25 23:47:08,33,W+R,0,False,False,False,B,-0.85,12.4639,159000
2023-05-25 23:47:16,40,B+R,0,False,False,False,W,-0.85,12.4384,159000
2023-05-25 23:47:26,33,W+R,0,False,False,False,B,-0.85,12.3444,159000
2023-05-25 23:49:02,33,W+R,0,False,False,False,B,-0.85,12.4658,160000
2023-05-25 23:49:12,33,W+R,0,False,False,False,B,-0.85,12.4762,160000
2023-05-25 23:49:23,32,B+R,0,False,False,False,W,-0.85,12.4891,160000
2023-05-25 23:49:32,33,W+R,0,False,False,False,B,-0.85,12.4822,160000
2023-05-25 23:49:41,33,W+R,0,False,False,False,B,-0.85,12.445,160000
2023-05-25 23:49:51,33,W+R,0,False,False,False,B,-0.85,12.4365,160000
2023-05-25 23:50:02,33,W+R,0,False,False,False,B,-0.85,12.4631,160000
2023-05-25 23:50:13,33,W+R,0,False,False,False,B,-0.85,12.4605,160000
2023-05-25 23:50:23,33,W+R,0,False,False,False,B,-0.85,12.4535,160000
2023-05-25 23:50:33,33,W+R,0,False,False,False,B,-0.85,12.4516,160000
2023-05-25 23:50:42,32,B+R,0,False,False,False,W,-0.85,12.4456,160000
2023-05-25 23:50:58,57,W+8.5,2,True,True,False,B,-0.85,12.4946,160000
2023-05-25 23:51:29,123,B+6.5,15,True,True,False,W,-0.85,12.731,160000
2023-05-25 23:51:43,43,W+R,0,False,False,False,B,-0.85,12.7946,160000
2023-05-25 23:51:54,33,W+R,0,False,False,False,B,-0.85,12.8061,160000
2023-05-25 23:52:01,33,W+R,0,False,False,False,B,-0.85,12.5266,160000
2023-05-25 23:52:09,33,W+R,0,False,False,False,B,-0.85,12.4936,160000
2023-05-25 23:52:31,63,W+R,0,False,False,False,B,-0.85,12.591,160000
2023-05-25 23:52:41,33,W+R,0,False,False,False,B,-0.85,12.6006,160000
2023-05-25 23:52:57,56,B+R,0,False,False,False,W,-0.85,12.6423,160000
2023-05-25 23:53:05,33,W+R,0,False,False,False,B,-0.85,12.6152,160000
2023-05-25 23:53:15,33,W+R,0,False,False,False,B,-0.85,12.616,160000
2023-05-25 23:53:24,33,W+R,0,False,False,False,B,-0.85,12.6113,160000
2023-05-25 23:53:40,48,B+R,0,False,False,False,W,-0.85,12.5748,160000
2023-05-25 23:53:51,33,W+R,0,False,False,False,B,-0.85,12.6013,160000
2023-05-25 23:54:01,32,B+R,0,False,False,False,W,-0.85,12.6236,160000
2023-05-25 23:54:16,39,W+R,0,False,False,False,B,-0.85,12.6826,160000
2023-05-25 23:54:29,47,W+R,0,False,False,False,B,-0.85,12.6454,160000
2023-05-25 23:54:39,33,W+R,0,False,False,False,B,-0.85,12.6651,160000
2023-05-25 23:54:50,33,W+R,0,False,False,False,B,-0.85,12.6948,160000
2023-05-25 23:55:02,41,W+R,0,False,False,False,B,-0.85,12.6787,160000
2023-05-25 23:55:12,33,W+R,0,False,False,False,B,-0.85,12.6885,160000
2023-05-25 23:55:23,33,W+R,0,False,False,False,B,-0.85,12.6985,160000
2023-05-25 23:55:32,33,W+R,0,False,False,False,B,-0.85,12.6957,160000
2023-05-25 23:55:39,33,W+R,0,False,False,False,B,-0.85,12.6602,160000
2023-05-25 23:55:46,32,B+R,0,False,False,False,W,-0.85,12.591,160000
2023-05-25 23:55:52,33,W+R,0,False,False,False,B,-0.85,12.5578,160000
2023-05-25 23:55:59,33,W+R,0,False,False,False,B,-0.85,12.5256,160000
2023-05-25 23:56:10,39,W+R,0,False,False,False,B,-0.85,12.524,160000
2023-05-25 23:56:18,33,W+R,0,False,False,False,B,-0.85,12.5068,160000
2023-05-25 23:56:29,33,W+R,0,False,False,False,B,-0.85,12.3683,160000
2023-05-25 23:56:55,94,W+2.5,6,True,True,False,B,-0.85,12.534,160000
2023-05-25 23:57:05,33,W+R,0,False,False,False,B,-0.85,12.5334,160000
2023-05-25 23:57:22,78,W+8.5,4,True,True,False,B,-0.85,12.6043,160000
2023-05-25 23:57:32,33,W+R,0,False,False,False,B,-0.85,12.5958,160000
2023-05-25 23:57:43,33,W+R,0,False,False,False,B,-0.85,12.6276,160000
2023-05-25 23:59:22,33,W+R,0,False,False,False,B,-0.85,12.6964,161000
2023-05-25 23:59:32,32,B+R,0,False,False,False,W,-0.85,12.6802,161000
2023-05-26 00:00:00,162,W+12.5,40,True,True,False,B,-0.85,12.874,161000
2023-05-26 00:00:23,66,B+R,0,False,False,False,W,-0.85,12.9894,161000
2023-05-26 00:00:33,32,B+R,0,False,False,False,W,-0.85,12.7958,161000
2023-05-26 00:00:41,33,W+R,0,False,False,False,B,-0.85,12.6572,161000
2023-05-26 00:00:58,55,W+R,1,False,False,False,B,-0.85,12.7142,161000
2023-05-26 00:01:17,56,B+R,0,False,False,False,W,-0.85,12.6796,161000
2023-05-26 00:01:29,33,W+R,0,False,False,False,B,-0.85,12.6941,161000
2023-05-26 00:01:40,33,W+R,0,False,False,False,B,-0.85,12.6982,161000
2023-05-26 00:02:06,75,W+R,1,False,False,False,B,-0.85,12.7343,161000
2023-05-26 00:02:16,33,W+R,2,False,False,False,B,-0.85,12.7431,161000
2023-05-26 00:02:25,32,B+R,0,False,False,False,W,-0.85,12.7331,161000
2023-05-26 00:02:36,33,W+R,0,False,False,False,B,-0.85,12.7427,161000
2023-05-26 00:03:03,96,W+3.5,6,True,True,False,B,-0.85,12.9382,161000
2023-05-26 00:03:17,47,W+R,0,False,False,False,B,-0.85,12.7754,161000
2023-05-26 00:03:27,33,W+R,0,False,False,False,B,-0.85,12.8001,161000
2023-05-26 00:03:36,32,B+R,0,False,False,False,W,-0.85,12.7865,161000
2023-05-26 00:03:45,32,B+R,0,False,False,False,W,-0.85,12.8022,161000
2023-05-26 00:03:55,33,W+R,0,False,False,False,B,-0.85,12.8032,161000
2023-05-26 00:04:04,38,B+R,0,False,False,False,W,-0.85,12.7911,161000
2023-05-26 00:04:14,39,W+R,0,False,False,False,B,-0.85,12.7825,161000
2023-05-26 00:04:22,33,W+R,0,False,False,False,B,-0.85,12.7701,161000
2023-05-26 00:04:31,32,B+R,0,False,False,False,W,-0.85,12.7589,161000
2023-05-26 00:04:44,67,B+2.5,2,True,True,False,W,-0.85,12.8014,161000
2023-05-26 00:04:51,33,W+R,0,False,False,False,B,-0.85,12.7886,161000
2023-05-26 00:04:58,33,W+R,0,False,False,False,B,-0.85,12.7506,161000
2023-05-26 00:05:06,33,W+R,0,False,False,False,B,-0.85,12.7298,161000
2023-05-26 00:05:19,76,W+5.5,3,True,True,False,B,-0.85,12.7488,161000
2023-05-26 00:05:36,68,B+R,0,False,False,False,W,-0.85,12.8155,161000
2023-05-26 00:05:47,33,W+R,0,False,False,False,B,-0.85,12.8178,161000
2023-05-26 00:05:57,33,W+R,0,False,False,False,B,-0.85,12.822,161000
2023-05-26 00:06:20,72,B+R,2,False,False,False,W,-0.85,12.9688,161000
2023-05-26 00:06:31,32,B+R,0,False,False,False,W,-0.85,12.9769,161000
2023-05-26 00:06:41,33,W+R,0,False,False,False,B,-0.85,12.8094,161000
2023-05-26 00:06:51,33,W+R,0,False,False,False,B,-0.85,12.8019,161000
2023-05-26 00:07:01,33,W+R,0,False,False,False,B,-0.85,12.7891,161000
2023-05-26 00:07:11,33,W+R,0,False,False,False,B,-0.85,12.7293,161000
2023-05-26 00:07:22,33,W+R,0,False,False,False,B,-0.85,12.7455,161000
2023-05-26 00:07:38,74,W+10.5,8,True,True,False,B,-0.85,12.6902,161000
2023-05-26 00:07:47,33,W+R,0,False,False,False,B,-0.85,12.5569,161000
2023-05-26 00:08:02,68,B+R,0,False,False,False,W,-0.85,12.6277,161000
2023-05-26 00:08:10,33,W+R,0,False,False,False,B,-0.85,12.499,161000
2023-05-26 00:09:44,33,W+R,0,False,False,False,B,-0.85,12.1952,162000
2023-05-26 00:10:10,111,W+5.5,17,True,True,False,B,-0.85,12.3471,162000
2023-05-26 00:10:21,33,W+R,0,False,False,False,B,-0.85,12.2036,162000
2023-05-26 00:10:30,33,W+R,0,False,False,False,B,-0.85,12.2219,162000
2023-05-26 00:10:40,33,W+R,0,False,False,False,B,-0.85,12.2461,162000
2023-05-26 00:10:55,45,W+R,0,False,False,False,B,-0.85,12.3304,162000
2023-05-26 00:11:27,100,W+6.5,10,True,True,False,B,-0.85,12.5678,162000
2023-05-26 00:11:37,35,W+R,0,False,False,False,B,-0.85,12.5692,162000
2023-05-26 00:11:47,33,W+R,0,False,False,False,B,-0.85,12.4296,162000
2023-05-26 00:11:58,33,W+R,0,False,False,False,B,-0.85,12.4365,162000
2023-05-26 00:12:08,33,W+R,0,False,False,False,B,-0.85,12.4325,162000
2023-05-26 00:12:25,60,W+0.5,7,True,True,False,B,-0.85,12.4943,162000
2023-05-26 00:12:34,33,W+R,0,False,False,False,B,-0.85,12.4976,162000
2023-05-26 00:12:44,33,W+R,0,False,False,False,B,-0.85,12.4959,162000
2023-05-26 00:13:04,76,B+R,2,False,False,False,W,-0.85,12.6077,162000
2023-05-26 00:13:20,52,B+R,0,False,False,False,W,-0.85,12.6523,162000
2023-05-26 00:13:30,33,W+R,0,False,False,False,B,-0.85,12.6464,162000
2023-05-26 00:13:39,32,B+R,0,False,False,False,W,-0.85,12.6388,162000
2023-05-26 00:13:46,33,W+R,0,False,False,False,B,-0.85,12.5982,162000
2023-05-26 00:13:55,33,W+R,0,False,False,False,B,-0.85,12.6031,162000
2023-05-26 00:14:05,33,W+R,0,False,False,False,B,-0.85,12.5468,162000
2023-05-26 00:14:14,33,W+R,0,False,False,False,B,-0.85,12.3297,162000
2023-05-26 00:14:24,33,W+R,0,False,False,False,B,-0.85,12.2831,162000
2023-05-26 00:14:34,33,W+R,0,False,False,False,B,-0.85,12.2742,162000
2023-05-26 00:14:53,64,B+R,1,False,False,False,W,-0.85,12.3862,162000
2023-05-26 00:15:03,33,W+R,0,False,False,False,B,-0.85,12.4122,162000
2023-05-26 00:15:13,33,W+R,0,False,False,False,B,-0.85,12.2958,162000
2023-05-26 00:15:29,53,W+R,0,False,False,False,B,-0.85,12.3463,162000
2023-05-26 00:15:39,33,W+R,0,False,False,False,B,-0.85,12.2921,162000
2023-05-26 00:15:50,33,W+R,0,False,False,False,B,-0.85,12.3195,162000
2023-05-26 00:15:59,33,W+R,0,False,False,False,B,-0.85,12.3166,162000
2023-05-26 00:16:26,78,B+R,0,False,False,False,W,-0.85,12.4898,162000
2023-05-26 00:16:53,80,B+R,3,False,False,False,W,-0.85,12.6028,162000
2023-05-26 00:17:02,33,W+R,0,False,False,False,B,-0.85,12.5794,162000
2023-05-26 00:17:11,33,W+R,0,False,False,False,B,-0.85,12.574,162000
2023-05-26 00:17:21,33,W+R,0,False,False,False,B,-0.85,12.5234,162000
2023-05-26 00:17:31,33,W+R,0,False,False,False,B,-0.85,12.4989,162000
2023-05-26 00:17:40,32,B+R,0,False,False,False,W,-0.85,12.4821,162000
2023-05-26 00:17:46,33,W+R,0,False,False,False,B,-0.85,12.433,162000
2023-05-26 00:17:56,33,W+R,0,False,False,False,B,-0.85,12.4079,162000
2023-05-26 00:18:06,33,W+R,0,False,False,False,B,-0.85,12.4131,162000
2023-05-26 00:18:15,33,W+R,0,False,False,False,B,-0.85,12.3984,162000
2023-05-26 00:18:26,33,W+R,0,False,False,False,B,-0.85,12.4059,162000
2023-05-26 00:19:55,33,W+R,0,False,False,False,B,-0.85,12.5172,163000
2023-05-26 00:20:05,33,W+R,0,False,False,False,B,-0.85,12.548,163000
2023-05-26 00:20:30,88,W+4.5,11,True,True,False,B,-0.85,12.7306,163000
2023-05-26 00:20:52,87,W+5.5,10,True,True,False,B,-0.85,12.8435,163000
2023-05-26 00:21:01,33,W+R,0,False,False,False,B,-0.85,12.8519,163000
2023-05-26 00:21:10,33,W+R,0,False,False,False,B,-0.85,12.8385,163000
2023-05-26 00:21:20,33,W+R,0,False,False,False,B,-0.85,12.669,163000
2023-05-26 00:21:31,38,B+R,0,False,False,False,W,-0.85,12.6849,163000
2023-05-26 00:21:41,32,B+R,0,False,False,False,W,-0.85,12.6102,163000
2023-05-26 00:21:51,33,W+R,0,False,False,False,B,-0.85,12.6197,163000
2023-05-26 00:22:00,32,B+R,0,False,False,False,W,-0.85,12.5851,163000
2023-05-26 00:22:10,35,W+R,0,False,False,False,B,-0.85,12.5107,163000
2023-05-26 00:22:21,33,W+R,0,False,False,False,B,-0.85,12.5342,163000
2023-05-26 00:22:30,33,W+R,0,False,False,False,B,-0.85,12.5322,163000
2023-05-26 00:23:05,162,W+18.5,35,True,True,False,B,-0.85,12.5959,163000
2023-05-26 00:23:15,33,W+R,0,False,False,False,B,-0.85,12.4664,163000
2023-05-26 00:23:24,33,W+R,0,False,False,False,B,-0.85,12.4612,163000
2023-05-26 00:23:53,121,W+3.5,20,True,True,False,B,-0.85,12.6704,163000
2023-05-26 00:24:05,33,W+R,0,False,False,False,B,-0.85,12.6149,163000
2023-05-26 00:24:24,77,W+4.5,5,True,True,False,B,-0.85,12.6106,163000
2023-05-26 00:24:33,33,W+R,0,False,False,False,B,-0.85,12.5821,163000
2023-05-26 00:24:51,59,W+R,1,False,False,False,B,-0.85,12.6575,163000
2023-05-26 00:25:00,33,W+R,0,False,False,False,B,-0.85,12.4909,163000
2023-05-26 00:25:13,44,B+R,0,False,False,False,W,-0.85,12.5204,163000
2023-05-26 00:25:23,33,W+R,0,False,False,False,B,-0.85,12.53,163000
2023-05-26 00:25:33,32,B+R,0,False,False,False,W,-0.85,12.5181,163000
2023-05-26 00:25:43,32,B+R,0,False,False,False,W,-0.85,12.3535,163000
2023-05-26 00:25:59,50,B+R,0,False,False,False,W,-0.85,12.3665,163000
2023-05-26 00:26:09,32,B+R,0,False,False,False,W,-0.85,12.3693,163000
2023-05-26 00:26:19,33,W+R,0,False,False,False,B,-0.85,12.3801,163000
2023-05-26 00:26:27,42,B+R,0,False,False,False,W,-0.85,12.3658,163000
2023-05-26 00:26:43,82,W+10.5,9,True,True,False,B,-0.85,12.4297,163000
2023-05-26 00:26:51,33,W+R,0,False,False,False,B,-0.85,12.413,163000
2023-05-26 00:27:09,70,B+3.5,9,True,True,False,W,-0.85,12.4984,163000
2023-05-26 00:27:19,33,W+R,0,False,False,False,B,-0.85,12.5174,163000
2023-05-26 00:27:28,32,B+R,0,False,False,False,W,-0.85,12.5134,163000
2023-05-26 00:27:37,33,W+R,0,False,False,False,B,-0.85,12.476,163000
2023-05-26 00:27:48,33,W+R,0,False,False,False,B,-0.85,12.516,163000
2023-05-26 00:27:57,32,B+R,0,False,False,False,W,-0.85,12.5377,163000
2023-05-26 00:28:08,33,W+R,0,False,False,False,B,-0.85,12.5693,163000
2023-05-26 00:28:18,33,W+R,0,False,False,False,B,-0.85,12.5415,163000
2023-05-26 00:28:28,33,W+R,0,False,False,False,B,-0.85,12.4691,163000
2023-05-26 00:30:07,33,W+R,0,False,False,False,B,-0.85,12.5104,164000
2023-05-26 00:30:16,33,W+R,0,False,False,False,B,-0.85,12.3739,164000
2023-05-26 00:30:24,33,W+R,0,False,False,False,B,-0.85,12.3502,164000
2023-05-26 00:30:32,32,B+R,0,False,False,False,W,-0.85,12.3261,164000
2023-05-26 00:30:46,45,W+R,0,False,False,False,B,-0.85,12.3698,164000
2023-05-26 00:30:58,39,W+R,0,False,False,False,B,-0.85,12.3822,164000
2023-05-26 00:31:08,33,W+R,0,False,False,False,B,-0.85,12.3866,164000
2023-05-26 00:31:17,33,W+R,0,False,False,False,B,-0.85,12.3724,164000
2023-05-26 00:31:30,43,W+R,0,False,False,False,B,-0.85,12.3312,164000
2023-05-26 00:31:39,33,W+R,0,False,False,False,B,-0.85,12.3462,164000
2023-05-26 00:32:08,77,B+2.5,5,True,True,False,W,-0.85,12.4719,164000
2023-05-26 00:32:18,33,W+R,0,False,False,False,B,-0.85,12.4968,164000
2023-05-26 00:32:33,58,B+R,0,False,False,False,W,-0.85,12.4154,164000
2023-05-26 00:32:41,33,W+R,0,False,False,False,B,-0.85,12.3943,164000
2023-05-26 00:32:51,33,W+R,0,False,False,False,B,-0.85,12.2335,164000
2023-05-26 00:33:00,33,W+R,2,False,False,False,B,-0.85,12.2097,164000
2023-05-26 00:33:13,40,B+R,0,False,False,False,W,-0.85,12.246,164000
2023-05-26 00:33:32,66,B+R,4,False,False,False,W,-0.85,12.3329,164000
2023-05-26 00:33:41,34,B+R,0,False,False,False,W,-0.85,12.2831,164000
2023-05-26 00:33:51,33,W+R,0,False,False,False,B,-0.85,12.0546,164000
2023-05-26 00:33:59,32,B+R,0,False,False,False,W,-0.85,12.0356,164000
2023-05-26 00:34:09,33,W+R,0,False,False,False,B,-0.85,12.0349,164000
2023-05-26 00:34:19,33,W+R,0,False,False,False,B,-0.85,12.0322,164000
2023-05-26 00:34:28,32,B+R,0,False,False,False,W,-0.85,12.0191,164000
2023-05-26 00:34:53,103,W+2.5,18,True,True,False,B,-0.85,12.099,164000
2023-05-26 00:35:02,33,W+R,0,False,False,False,B,-0.85,12.0957,164000
2023-05-26 00:35:13,33,W+R,0,False,False,False,B,-0.85,12.1084,164000
2023-05-26 00:35:29,51,W+R,0,False,False,False,B,-0.85,12.0618,164000
2023-05-26 00:35:56,107,W+1.5,15,True,True,False,B,-0.85,12.1801,164000
2023-05-26 00:36:05,33,W+R,0,False,False,False,B,-0.85,12.1733,164000
2023-05-26 00:36:16,33,W+R,0,False,False,False,B,-0.85,12.183,164000
2023-05-26 00:36:38,81,W+8.5,9,True,True,False,B,-0.85,12.3391,164000
2023-05-26 00:36:48,33,W+R,0,False,False,False,B,-0.85,12.3464,164000
2023-05-26 00:36:57,32,B+R,0,False,False,False,W,-0.85,12.3383,164000
2023-05-26 00:37:07,33,W+R,0,False,False,False,B,-0.85,12.3427,164000
2023-05-26 00:37:16,32,B+R,0,False,False,False,W,-0.85,12.3324,164000
2023-05-26 00:37:26,33,W+R,0,False,False,False,B,-0.85,12.335,164000
2023-05-26 00:37:37,33,W+R,0,False,False,False,B,-0.85,12.2586,164000
2023-05-26 00:37:46,32,B+R,0,False,False,False,W,-0.85,12.2522,164000
2023-05-26 00:37:56,32,B+R,0,False,False,False,W,-0.85,12.248,164000
2023-05-26 00:38:04,32,B+R,0,False,False,False,W,-0.85,12.1747,164000
2023-05-26 00:38:14,32,B+R,0,False,False,False,W,-0.85,12.1737,164000
2023-05-26 00:38:24,33,W+R,0,False,False,False,B,-0.85,12.1616,164000
2023-05-26 00:38:37,43,W+R,0,False,False,False,B,-0.85,12.1945,164000
2023-05-26 00:38:47,33,W+R,0,False,False,False,B,-0.85,12.025,164000
2023-05-26 00:40:28,33,W+R,0,False,False,False,B,-0.85,11.9761,165000
2023-05-26 00:40:35,33,W+R,0,False,False,False,B,-0.85,11.9506,165000
2023-05-26 00:40:43,33,W+R,0,False,False,False,B,-0.85,11.9333,165000
2023-05-26 00:40:52,32,B+R,0,False,False,False,W,-0.85,11.921,165000
2023-05-26 00:41:20,162,W+7.5,32,True,True,False,B,-0.85,12.1162,165000
2023-05-26 00:41:27,33,W+R,0,False,False,False,B,-0.85,12.1269,165000
2023-05-26 00:41:35,33,W+R,0,False,False,False,B,-0.85,12.1128,165000
2023-05-26 00:41:46,33,W+R,0,False,False,False,B,-0.85,12.1175,165000
2023-05-26 00:41:54,39,W+R,0,False,False,False,B,-0.85,12.1062,165000
2023-05-26 00:42:02,36,B+R,0,False,False,False,W,-0.85,12.0747,165000
2023-05-26 00:42:09,33,W+R,0,False,False,False,B,-0.85,11.9966,165000
2023-05-26 00:42:21,49,W+R,0,False,False,False,B,-0.85,12.0206,165000
2023-05-26 00:42:31,32,B+R,0,False,False,False,W,-0.85,12.0237,165000
2023-05-26 00:42:41,33,W+R,0,False,False,False,B,-0.85,11.8676,165000
2023-05-26 00:42:50,33,W+R,0,False,False,False,B,-0.85,11.7428,165000
2023-05-26 00:43:01,33,W+R,0,False,False,False,B,-0.85,11.7603,165000
2023-05-26 00:43:11,33,W+R,0,False,False,False,B,-0.85,11.7722,165000
2023-05-26 00:43:21,33,W+R,0,False,False,False,B,-0.85,11.7763,165000
2023-05-26 00:43:32,33,W+R,0,False,False,False,B,-0.85,11.7735,165000
2023-05-26 00:43:48,47,W+R,0,False,False,False,B,-0.85,11.829,165000
2023-05-26 00:43:58,33,W+R,0,False,False,False,B,-0.85,11.8291,165000
2023-05-26 00:44:09,33,W+R,0,False,False,False,B,-0.85,11.8543,165000
2023-05-26 00:44:19,33,W+R,0,False,False,False,B,-0.85,11.8541,165000
2023-05-26 00:44:29,33,W+R,0,False,False,False,B,-0.85,11.8416,165000
2023-05-26 00:44:43,48,B+R,1,False,False,False,W,-0.85,11.893,165000
2023-05-26 00:44:55,39,W+R,0,False,False,False,B,-0.85,11.6614,165000
2023-05-26 00:45:35,129,B+15.5,19,True,True,True,B,-0.85,11.9675,165000
2023-05-26 00:45:44,32,B+R,0,False,False,False,W,-0.85,11.9674,165000
2023-05-26 00:45:55,33,W+R,0,False,False,False,B,-0.85,11.783,165000
2023-05-26 00:46:05,33,W+R,0,False,False,False,B,-0.85,11.766,165000
2023-05-26 00:46:12,33,W+R,0,False,False,False,B,-0.85,11.6484,165000
2023-05-26 00:46:35,77,W+R,3,False,False,False,B,-0.85,11.7863,165000
2023-05-26 00:46:44,48,B+R,0,False,False,False,W,-0.85,11.696,165000
2023-05-26 00:47:01,73,W+R,1,False,False,False,B,-0.85,11.7701,165000
2023-05-26 00:47:36,162,W+14.5,35,True,True,False,B,-0.85,11.9961,165000
2023-05-26 00:47:48,42,B+R,0,False,False,False,W,-0.85,12.0185,165000
2023-05-26 00:47:57,32,B+R,0,False,False,False,W,-0.85,12.0052,165000
2023-05-26 00:48:05,33,W+R,0,False,False,False,B,-0.85,11.9871,165000
2023-05-26 00:48:14,33,W+R,0,False,False,False,B,-0.85,11.9142,165000
2023-05-26 00:48:31,50,B+R,0,False,False,False,W,-0.85,11.9823,165000
2023-05-26 00:48:40,33,W+R,0,False,False,False,B,-0.85,11.9766,165000
2023-05-26 00:49:21,162,W+5.5,39,True,True,False,B,-0.85,12.2995,165000
2023-05-26 00:50:49,33,W+R,0,False,False,False,B,-0.85,12.2546,166000
2023-05-26 00:51:00,33,W+R,0,False,False,False,B,-0.85,12.1853,166000
2023-05-26 00:51:19,54,B+R,0,False,False,False,W,-0.85,12.2719,166000
2023-05-26 00:51:31,37,W+R,0,False,False,False,B,-0.85,12.3078,166000
2023-05-26 00:51:42,33,W+R,0,False,False,False,B,-0.85,12.3205,166000
2023-05-26 00:51:50,33,W+R,0,False,False,False,B,-0.85,12.2867,166000
2023-05-26 00:51:57,33,W+R,0,False,False,False,B,-0.85,12.2687,166000
2023-05-26 00:52:09,52,B+R,0,False,False,False,W,-0.85,12.2755,166000
2023-05-26 00:52:19,33,W+R,0,False,False,False,B,-0.85,12.2804,166000
2023-05-26 00:52:30,33,W+R,0,False,False,False,B,-0.85,12.2844,166000
2023-05-26 00:52:40,32,B+R,0,False,False,False,W,-0.85,12.2263,166000
2023-05-26 00:52:50,33,W+R,0,False,False,False,B,-0.85,12.2337,166000
2023-05-26 00:53:01,33,W+R,0,False,False,False,B,-0.85,12.2495,166000
2023-05-26 00:53:11,33,W+R,0,False,False,False,B,-0.85,12.2605,166000
2023-05-26 00:53:19,32,B+R,0,False,False,False,W,-0.85,12.2686,166000
2023-05-26 00:53:28,33,W+R,0,False,False,False,B,-0.85,12.2182,166000
2023-05-26 00:53:51,75,B+1.5,6,True,True,False,W,-0.85,12.3313,166000
2023-05-26 00:54:14,87,W+2.5,4,True,True,False,B,-0.85,12.4607,166000
2023-05-26 00:54:22,33,W+R,0,False,False,False,B,-0.85,12.4429,166000
2023-05-26 00:54:32,33,W+R,0,False,False,False,B,-0.85,12.4184,166000
2023-05-26 00:54:41,32,B+R,0,False,False,False,W,-0.85,12.4114,166000
2023-05-26 00:54:51,33,W+R,0,False,False,False,B,-0.85,12.2302,166000
2023-05-26 00:55:03,47,W+R,0,False,False,False,B,-0.85,12.2493,166000
2023-05-26 00:55:40,162,W+28.5,35,True,True,False,B,-0.85,12.4686,166000
2023-05-26 00:55:51,33,W+R,0,False,False,False,B,-0.85,12.4927,166000
2023-05-26 00:56:01,33,W+R,0,False,False,False,B,-0.85,12.4972,166000
2023-05-26 00:56:11,33,W+R,0,False,False,False,B,-0.85,12.5074,166000
2023-05-26 00:56:23,55,W+R,3,False,False,False,B,-0.85,12.5015,166000
2023-05-26 00:56:44,90,W+2.5,11,True,True,False,B,-0.85,12.5256,166000
2023-05-26 00:56:55,32,B+R,0,False,False,False,W,-0.85,12.5375,166000
2023-05-26 00:57:16,80,W+2.5,9,True,True,False,B,-0.85,12.6475,166000
2023-05-26 00:57:26,33,W+R,0,False,False,False,B,-0.85,12.6642,166000
2023-05-26 00:57:35,33,W+R,0,False,False,False,B,-0.85,12.6543,166000
2023-05-26 00:57:55,66,B+R,0,False,False,False,W,-0.85,12.7517,166000
2023-05-26 00:58:03,33,W+R,0,False,False,False,B,-0.85,12.7444,166000
2023-05-26 00:58:12,33,W+R,0,False,False,False,B,-0.85,12.5937,166000
2023-05-26 00:58:35,106,W+7.5,17,True,True,False,B,-0.85,12.7288,166000
2023-05-26 00:58:43,33,W+R,0,False,False,False,B,-0.85,12.705,166000
2023-05-26 00:58:52,33,W+R,0,False,False,False,B,-0.85,12.6314,166000
2023-05-26 00:59:03,33,W+R,0,False,False,False,B,-0.85,12.4616,166000
2023-05-26 00:59:12,33,W+R,0,False,False,False,B,-0.85,12.4675,166000
2023-05-26 00:59:23,33,W+R,0,False,False,False,B,-0.85,12.4775,166000
2023-05-26 00:59:34,33,W+R,0,False,False,False,B,-0.85,12.359,166000
2023-05-26 01:01:05,33,W+R,1,False,False,False,B,-0.85,12.3618,167000
2023-05-26 01:01:15,33,W+R,0,False,False,False,B,-0.85,12.3673,167000
2023-05-26 01:01:25,33,W+R,0,False,False,False,B,-0.85,12.3815,167000
2023-05-26 01:01:34,33,W+R,1,False,False,False,B,-0.85,12.3758,167000
2023-05-26 01:01:45,33,W+R,0,False,False,False,B,-0.85,12.3771,167000
2023-05-26 01:01:56,33,W+R,0,False,False,False,B,-0.85,12.3868,167000
2023-05-26 01:02:07,33,W+R,0,False,False,False,B,-0.85,12.399,167000
2023-05-26 01:02:18,33,W+R,0,False,False,False,B,-0.85,12.431,167000
2023-05-26 01:02:30,33,W+R,0,False,False,False,B,-0.85,12.4418,167000
2023-05-26 01:02:41,33,W+R,0,False,False,False,B,-0.85,12.4581,167000
2023-05-26 01:02:49,33,W+R,1,False,False,False,B,-0.85,12.4152,167000
2023-05-26 01:02:56,33,W+R,0,False,False,False,B,-0.85,12.3842,167000
2023-05-26 01:03:05,44,W+3.5,5,True,True,False,B,-0.85,12.2504,167000
2023-05-26 01:03:23,64,B+R,0,False,False,False,W,-0.85,12.3479,167000
2023-05-26 01:03:33,35,W+R,0,False,False,False,B,-0.85,12.3773,167000
2023-05-26 01:03:43,33,W+R,0,False,False,False,B,-0.85,12.3928,167000
2023-05-26 01:03:53,33,W+R,0,False,False,False,B,-0.85,12.4064,167000
2023-05-26 01:04:04,33,W+R,0,False,False,False,B,-0.85,12.2322,167000
2023-05-26 01:04:13,33,W+R,0,False,False,False,B,-0.85,12.2589,167000
2023-05-26 01:04:25,33,W+R,0,False,False,False,B,-0.85,12.2867,167000
2023-05-26 01:04:35,33,W+R,0,False,False,False,B,-0.85,12.277,167000
2023-05-26 01:04:49,48,B+R,0,False,False,False,W,-0.85,12.3418,167000
2023-05-26 01:04:58,33,W+R,0,False,False,False,B,-0.85,12.3585,167000
2023-05-26 01:05:08,33,W+R,0,False,False,False,B,-0.85,12.39,167000
2023-05-26 01:05:18,33,W+R,0,False,False,False,B,-0.85,12.3617,167000
2023-05-26 01:05:36,61,W+R,1,False,False,False,B,-0.85,12.4424,167000
2023-05-26 01:05:46,33,W+R,0,False,False,False,B,-0.85,12.4495,167000
2023-05-26 01:05:55,33,W+R,0,False,False,False,B,-0.85,12.4506,167000
2023-05-26 01:06:05,33,W+R,1,False,False,False,B,-0.85,12.4386,167000
2023-05-26 01:06:14,33,W+R,0,False,False,False,B,-0.85,12.4228,167000
2023-05-26 01:06:23,33,W+R,0,False,False,False,B,-0.85,12.413,167000
2023-05-26 01:06:39,51,W+R,0,False,False,False,B,-0.85,12.459,167000
2023-05-26 01:06:49,33,W+R,0,False,False,False,B,-0.85,12.4089,167000
2023-05-26 01:06:59,33,W+R,0,False,False,False,B,-0.85,12.4077,167000
2023-05-26 01:07:09,33,W+R,0,False,False,False,B,-0.85,12.4028,167000
2023-05-26 01:07:20,33,W+R,0,False,False,False,B,-0.85,12.4066,167000
2023-05-26 01:07:37,54,B+R,0,False,False,False,W,-0.85,12.4734,167000
2023-05-26 01:07:46,32,B+R,0,False,False,False,W,-0.85,12.4288,167000
2023-05-26 01:08:10,86,W+2.5,12,True,True,False,B,-0.85,12.5474,167000
2023-05-26 01:08:25,70,W+7.5,8,True,True,False,B,-0.85,12.2965,167000
2023-05-26 01:08:33,33,W+R,0,False,False,False,B,-0.85,12.285,167000
2023-05-26 01:08:42,32,B+R,0,False,False,False,W,-0.85,12.266,167000
2023-05-26 01:08:52,33,W+R,0,False,False,False,B,-0.85,12.2707,167000
2023-05-26 01:09:02,33,W+R,0,False,False,False,B,-0.85,12.2936,167000
2023-05-26 01:09:13,33,W+R,1,False,False,False,B,-0.85,12.1798,167000
2023-05-26 01:10:54,40,B+R,0,False,False,False,W,-0.85,12.2002,168000
2023-05-26 01:11:03,33,W+R,0,False,False,False,B,-0.85,11.9412,168000
2023-05-26 01:11:28,85,W+1.5,9,True,True,False,B,-0.85,12.0668,168000
2023-05-26 01:11:49,78,W+10.5,3,True,True,False,B,-0.85,12.1933,168000
2023-05-26 01:12:11,57,W+R,0,False,False,False,B,-0.85,12.3248,168000
2023-05-26 01:12:22,33,W+R,0,False,False,False,B,-0.85,12.3461,168000
2023-05-26 01:12:34,38,B+R,0,False,False,False,W,-0.85,12.2956,168000
2023-05-26 01:12:44,33,W+R,0,False,False,False,B,-0.85,12.303,168000
2023-05-26 01:12:54,33,W+R,0,False,False,False,B,-0.85,12.0,168000
2023-05-26 01:13:05,33,W+R,0,False,False,False,B,-0.85,12.0255,168000
2023-05-26 01:13:14,33,W+R,0,False,False,False,B,-0.85,12.0163,168000
2023-05-26 01:13:25,33,W+R,0,False,False,False,B,-0.85,12.013,168000
2023-05-26 01:13:42,49,W+R,0,False,False,False,B,-0.85,11.9987,168000
2023-05-26 01:13:52,33,W+R,0,False,False,False,B,-0.85,11.9734,168000
2023-05-26 01:14:02,33,W+R,0,False,False,False,B,-0.85,11.9642,168000
2023-05-26 01:14:11,32,B+R,0,False,False,False,W,-0.85,11.9764,168000
2023-05-26 01:14:21,33,W+R,0,False,False,False,B,-0.85,11.9976,168000
2023-05-26 01:14:31,33,W+R,0,False,False,False,B,-0.85,11.984,168000
2023-05-26 01:14:41,33,W+R,0,False,False,False,B,-0.85,11.9845,168000
2023-05-26 01:14:49,33,W+R,0,False,False,False,B,-0.85,11.9529,168000
2023-05-26 01:15:13,89,W+10.5,7,True,True,False,B,-0.85,12.1018,168000
2023-05-26 01:15:24,33,W+R,0,False,False,False,B,-0.85,12.0985,168000
2023-05-26 01:15:46,65,W+R,1,False,False,False,B,-0.85,12.2178,168000
2023-05-26 01:16:15,106,W+7.5,13,True,True,False,B,-0.85,12.4075,168000
2023-05-26 01:16:24,32,B+R,0,False,False,False,W,-0.85,12.4085,168000
2023-05-26 01:16:34,33,W+R,0,False,False,False,B,-0.85,12.4255,168000
2023-05-26 01:16:47,46,B+R,0,False,False,False,W,-0.85,12.3252,168000
2023-05-26 01:16:54,33,W+R,0,False,False,False,B,-0.85,12.1701,168000
2023-05-26 01:17:11,60,B+R,9,False,False,False,W,-0.85,12.2622,168000
2023-05-26 01:17:23,39,W+R,0,False,False,False,B,-0.85,12.2762,168000
2023-05-26 01:17:32,32,B+R,0,False,False,False,W,-0.85,12.2821,168000
2023-05-26 01:17:52,77,B+2.5,8,True,True,False,W,-0.85,12.3817,168000
2023-05-26 01:18:02,32,B+R,0,False,False,False,W,-0.85,12.3618,168000
2023-05-26 01:18:13,37,W+R,0,False,False,False,B,-0.85,12.1001,168000
2023-05-26 01:18:22,33,W+R,0,False,False,False,B,-0.85,12.0722,168000
2023-05-26 01:18:45,93,W+2.5,25,True,True,False,B,-0.85,12.2045,168000
2023-05-26 01:18:56,33,W+R,0,False,False,False,B,-0.85,12.2165,168000
2023-05-26 01:19:06,33,W+R,0,False,False,False,B,-0.85,12.1885,168000
2023-05-26 01:19:14,32,B+R,0,False,False,False,W,-0.85,12.0616,168000
2023-05-26 01:21:06,118,B+0.5,27,True,True,False,W,-0.85,12.1342,169000
2023-05-26 01:21:15,33,W+R,0,False,False,False,B,-0.85,12.1281,169000
2023-05-26 01:21:22,33,W+R,0,False,False,False,B,-0.85,12.108,169000
2023-05-26 01:21:32,33,W+R,0,False,False,False,B,-0.85,12.0016,169000
2023-05-26 01:21:40,33,W+R,0,False,False,False,B,-0.85,12.0043,169000
2023-05-26 01:21:50,33,W+R,0,False,False,False,B,-0.85,12.0096,169000
2023-05-26 01:22:22,136,W+0.5,27,True,True,False,B,-0.85,12.1055,169000
2023-05-26 01:22:32,41,W+7.5,3,True,True,False,B,-0.85,12.1238,169000
2023-05-26 01:22:41,33,W+R,0,False,False,False,B,-0.85,12.1191,169000
2023-05-26 01:22:58,54,B+R,0,False,False,False,W,-0.85,12.189,169000
2023-05-26 01:23:07,33,W+R,0,False,False,False,B,-0.85,12.1803,169000
2023-05-26 01:23:18,33,W+R,0,False,False,False,B,-0.85,12.1813,169000
2023-05-26 01:23:30,33,W+R,0,False,False,False,B,-0.85,12.1938,169000
2023-05-26 01:23:40,33,W+R,0,False,False,False,B,-0.85,12.1962,169000
2023-05-26 01:23:47,33,W+R,0,False,False,False,B,-0.85,12.1688,169000
2023-05-26 01:23:56,47,W+R,0,False,False,False,B,-0.85,12.157,169000
2023-05-26 01:24:04,33,W+R,0,False,False,False,B,-0.85,12.1284,169000
2023-05-26 01:24:15,33,W+R,0,False,False,False,B,-0.85,12.1491,169000
2023-05-26 01:24:25,33,W+R,0,False,False,False,B,-0.85,12.1353,169000
2023-05-26 01:24:36,33,W+R,0,False,False,False,B,-0.85,12.1396,169000
2023-05-26 01:24:45,33,W+R,0,False,False,False,B,-0.85,12.1194,169000
2023-05-26 01:24:54,33,W+R,0,False,False,False,B,-0.85,12.0935,169000
2023-05-26 01:25:06,63,B+11.5,6,True,True,False,W,-0.85,12.1047,169000
2023-05-26 01:25:16,33,W+R,0,False,False,False,B,-0.85,12.0878,169000
2023-05-26 01:25:24,33,W+R,0,False,False,False,B,-0.85,12.0865,169000
2023-05-26 01:25:35,33,W+R,0,False,False,False,B,-0.85,12.1303,169000
2023-05-26 01:25:46,33,W+R,0,False,False,False,B,-0.85,12.1459,169000
2023-05-26 01:25:55,33,W+R,0,False,False,False,B,-0.85,12.0614,169000
2023-05-26 01:26:06,35,W+R,0,False,False,False,B,-0.85,12.0647,169000
2023-05-26 01:26:17,33,W+R,0,False,False,False,B,-0.85,12.0793,169000
2023-05-26 01:26:37,83,W+10.5,19,True,True,False,B,-0.85,12.1812,169000
2023-05-26 01:26:46,33,W+R,0,False,False,False,B,-0.85,12.1682,169000
2023-05-26 01:26:55,33,W+R,1,False,False,False,B,-0.85,12.1527,169000
2023-05-26 01:27:06,33,W+R,0,False,False,False,B,-0.85,12.1497,169000
2023-05-26 01:27:15,33,W+R,0,False,False,False,B,-0.85,12.1468,169000
2023-05-26 01:27:46,117,W+2.5,17,True,True,False,B,-0.85,12.3114,169000
2023-05-26 01:27:55,33,W+R,0,False,False,False,B,-0.85,12.3125,169000
2023-05-26 01:28:05,33,W+R,0,False,False,False,B,-0.85,12.3116,169000
2023-05-26 01:28:14,33,W+R,0,False,False,False,B,-0.85,12.3014,169000
2023-05-26 01:28:30,66,W+6.5,2,True,True,False,B,-0.85,12.2828,169000
2023-05-26 01:28:41,33,W+R,1,False,False,False,B,-0.85,12.2863,169000
2023-05-26 01:29:00,92,W+11.5,17,True,True,False,B,-0.85,12.3904,169000
2023-05-26 01:29:08,33,W+R,0,False,False,False,B,-0.85,12.3705,169000
2023-05-26 01:30:36,32,B+R,0,False,False,False,W,-0.85,12.3817,170000
2023-05-26 01:30:46,33,W+R,0,False,False,False,B,-0.85,12.3235,170000
2023-05-26 01:30:56,33,W+R,0,False,False,False,B,-0.85,12.3179,170000
2023-05-26 01:31:06,33,W+R,0,False,False,False,B,-0.85,12.3164,170000
2023-05-26 01:31:15,32,B+R,0,False,False,False,W,-0.85,12.3048,170000
2023-05-26 01:31:34,77,W+2.5,7,True,True,False,B,-0.85,12.3896,170000
2023-05-26 01:31:45,33,W+R,0,False,False,False,B,-0.85,12.33,170000
2023-05-26 01:31:54,33,W+R,0,False,False,False,B,-0.85,12.3272,170000
2023-05-26 01:32:05,33,W+R,0,False,False,False,B,-0.85,12.1963,170000
2023-05-26 01:32:15,33,W+R,0,False,False,False,B,-0.85,12.1497,170000
2023-05-26 01:32:33,57,W+R,0,False,False,False,B,-0.85,12.2471,170000
2023-05-26 01:32:42,33,W+R,0,False,False,False,B,-0.85,12.2458,170000
2023-05-26 01:32:48,32,B+R,0,False,False,False,W,-0.85,12.2111,170000
2023-05-26 01:32:59,55,W+R,0,False,False,False,B,-0.85,12.2211,170000
2023-05-26 01:33:06,33,W+R,0,False,False,False,B,-0.85,12.1767,170000
2023-05-26 01:33:13,33,W+R,0,False,False,False,B,-0.85,12.0993,170000
2023-05-26 01:33:30,55,W+R,0,False,False,False,B,-0.85,12.137,170000
2023-05-26 01:33:50,75,W+9.5,4,True,True,False,B,-0.85,12.2374,170000
2023-05-26 01:34:25,105,B+1.5,4,True,True,True,B,-0.85,12.3401,170000
2023-05-26 01:34:33,32,B+R,0,False,False,False,W,-0.85,12.2113,170000
2023-05-26 01:34:41,32,B+R,0,False,False,False,W,-0.85,12.0769,170000
2023-05-26 01:35:18,162,W+6.5,40,True,True,False,B,-0.85,12.3388,170000
2023-05-26 01:35:45,99,W+10.5,16,True,True,False,B,-0.85,12.4892,170000
2023-05-26 01:35:55,33,W+R,0,False,False,False,B,-0.85,12.4917,170000
2023-05-26 01:36:06,32,B+R,0,False,False,False,W,-0.85,12.4969,170000
2023-05-26 01:36:17,33,W+R,0,False,False,False,B,-0.85,12.4956,170000
2023-05-26 01:36:37,56,B+R,0,False,False,False,W,-0.85,12.596,170000
2023-05-26 01:36:45,33,W+R,0,False,False,False,B,-0.85,12.5765,170000
2023-05-26 01:36:55,33,W+R,0,False,False,False,B,-0.85,12.5041,170000
2023-05-26 01:37:15,63,W+R,0,False,False,False,B,-0.85,12.6,170000
2023-05-26 01:37:42,111,B+15.5,13,True,True,False,W,-0.85,12.7709,170000
2023-05-26 01:37:50,33,W+R,0,False,False,False,B,-0.85,12.7629,170000
2023-05-26 01:38:00,33,W+R,0,False,False,False,B,-0.85,12.7713,170000
2023-05-26 01:38:10,33,W+R,0,False,False,False,B,-0.85,12.7676,170000
2023-05-26 01:38:28,60,B+R,2,False,False,False,W,-0.85,12.8417,170000
2023-05-26 01:38:39,33,W+R,0,False,False,False,B,-0.85,12.874,170000
2023-05-26 01:38:47,33,W+R,0,False,False,False,B,-0.85,12.713,170000
2023-05-26 01:39:05,69,W+20.5,3,True,True,False,B,-0.85,12.7931,170000
2023-05-26 01:40:50,33,W+R,0,False,False,False,B,-0.85,12.6532,171000
2023-05-26 01:41:15,86,W+8.5,2,True,True,False,B,-0.85,12.8113,171000
2023-05-26 01:41:24,33,W+R,0,False,False,False,B,-0.85,12.7951,171000
2023-05-26 01:41:34,33,W+R,0,False,False,False,B,-0.85,12.7672,171000
2023-05-26 01:41:48,44,B+R,0,False,False,False,W,-0.85,12.8384,171000
2023-05-26 01:41:57,33,W+R,0,False,False,False,B,-0.85,12.7588,171000
2023-05-26 01:42:06,32,B+R,0,False,False,False,W,-0.85,12.7343,171000
2023-05-26 01:42:29,80,W+4.5,7,True,True,False,B,-0.85,12.8627,171000
2023-05-26 01:42:40,33,W+R,0,False,False,False,B,-0.85,12.7779,171000
2023-05-26 01:42:50,33,W+R,0,False,False,False,B,-0.85,12.7715,171000
2023-05-26 01:42:57,33,W+R,0,False,False,False,B,-0.85,12.7419,171000
2023-05-26 01:43:06,33,W+R,0,False,False,False,B,-0.85,12.7396,171000
2023-05-26 01:43:17,39,W+R,0,False,False,False,B,-0.85,12.6178,171000
2023-05-26 01:43:26,33,W+R,0,False,False,False,B,-0.85,12.5934,171000
2023-05-26 01:43:44,63,W+R,1,False,False,False,B,-0.85,12.6824,171000
2023-05-26 01:43:53,32,B+R,0,False,False,False,W,-0.85,12.6906,171000
2023-05-26 01:44:07,44,B+R,0,False,False,False,W,-0.85,12.7273,171000
2023-05-26 01:44:26,62,B+R,0,False,False,False,W,-0.85,12.6352,171000
2023-05-26 01:44:37,32,B+R,0,False,False,False,W,-0.85,12.6493,171000
2023-05-26 01:44:47,33,W+R,0,False,False,False,B,-0.85,12.6839,171000
2023-05-26 01:44:57,33,W+R,0,False,False,False,B,-0.85,12.6894,171000
2023-05-26 01:45:08,33,W+R,0,False,False,False,B,-0.85,12.7079,171000
2023-05-26 01:45:18,33,W+R,0,False,False,False,B,-0.85,12.7134,171000
2023-05-26 01:45:28,33,W+R,0,False,False,False,B,-0.85,12.4932,171000
2023-05-26 01:45:42,46,B+R,0,False,False,False,W,-0.85,12.5254,171000
2023-05-26 01:45:52,33,W+R,0,False,False,False,B,-0.85,12.5446,171000
2023-05-26 01:46:07,49,W+R,0,False,False,False,B,-0.85,12.5258,171000
2023-05-26 01:46:17,33,W+R,0,False,False,False,B,-0.85,12.5326,171000
2023-05-26 01:46:27,33,W+R,0,False,False,False,B,-0.85,12.5177,171000
2023-05-26 01:46:38,33,W+R,0,False,False,False,B,-0.85,12.5154,171000
2023-05-26 01:46:47,33,W+R,0,False,False,False,B,-0.85,12.4998,171000
2023-05-26 01:46:57,32,B+R,0,False,False,False,W,-0.85,12.5288,171000
2023-05-26 01:47:30,162,W+16.5,44,True,True,False,B,-0.85,12.7691,171000
2023-05-26 01:47:40,33,W+R,0,False,False,False,B,-0.85,12.7997,171000
2023-05-26 01:47:50,33,W+R,0,False,False,False,B,-0.85,12.7786,171000
2023-05-26 01:48:01,33,W+R,0,False,False,False,B,-0.85,12.7957,171000
2023-05-26 01:48:08,32,B+R,0,False,False,False,W,-0.85,12.7513,171000
2023-05-26 01:48:15,33,W+R,0,False,False,False,B,-0.85,12.7422,171000
2023-05-26 01:48:25,33,W+R,0,False,False,False,B,-0.85,12.746,171000
2023-05-26 01:48:32,32,B+R,0,False,False,False,W,-0.85,12.6979,171000
2023-05-26 01:49:01,106,W+9.5,10,True,True,False,B,-0.85,12.8831,171000
2023-05-26 01:49:09,33,W+R,0,False,False,False,B,-0.85,12.8857,171000
2023-05-26 01:49:19,33,W+R,0,False,False,False,B,-0.85,12.8753,171000
2023-05-26 01:49:30,33,W+R,0,False,False,False,B,-0.85,12.8766,171000
2023-05-26 01:50:52,32,B+R,0,False,False,False,W,-0.85,12.8442,172000
2023-05-26 01:51:19,98,W+10.5,9,True,True,False,B,-0.85,13.0028,172000
2023-05-26 01:51:28,33,W+R,0,False,False,False,B,-0.85,12.8944,172000
2023-05-26 01:51:37,35,W+R,0,False,False,False,B,-0.85,12.8931,172000
2023-05-26 01:51:56,57,W+R,0,False,False,False,B,-0.85,13.0023,172000
2023-05-26 01:52:06,33,W+R,0,False,False,False,B,-0.85,12.99,172000
2023-05-26 01:52:16,33,W+R,0,False,False,False,B,-0.85,12.991,172000
2023-05-26 01:52:32,49,W+R,0,False,False,False,B,-0.85,12.843,172000
2023-05-26 01:52:43,33,W+R,0,False,False,False,B,-0.85,12.8602,172000
2023-05-26 01:52:53,33,W+R,0,False,False,False,B,-0.85,12.8611,172000
2023-05-26 01:53:03,33,W+R,0,False,False,False,B,-0.85,12.8812,172000
2023-05-26 01:53:13,33,W+R,0,False,False,False,B,-0.85,12.8189,172000
2023-05-26 01:53:23,33,W+R,0,False,False,False,B,-0.85,12.8051,172000
2023-05-26 01:53:55,135,W+10.5,26,True,True,False,B,-0.85,12.9315,172000
2023-05-26 01:54:05,33,W+R,0,False,False,False,B,-0.85,12.9473,172000
2023-05-26 01:54:14,33,W+R,0,False,False,False,B,-0.85,12.9518,172000
2023-05-26 01:54:24,33,W+R,0,False,False,False,B,-0.85,12.9574,172000
2023-05-26 01:54:35,33,W+R,0,False,False,False,B,-0.85,12.9603,172000
2023-05-26 01:54:45,33,W+R,0,False,False,False,B,-0.85,12.9613,172000
2023-05-26 01:54:54,33,W+R,0,False,False,False,B,-0.85,12.96,172000
2023-05-26 01:55:05,33,W+R,0,False,False,False,B,-0.85,12.9736,172000
2023-05-26 01:55:15,33,W+R,0,False,False,False,B,-0.85,12.8824,172000
2023-05-26 01:55:24,33,W+R,0,False,False,False,B,-0.85,12.8721,172000
2023-05-26 01:55:35,33,W+R,0,False,False,False,B,-0.85,12.8793,172000
2023-05-26 01:55:45,33,W+R,0,False,False,False,B,-0.85,12.8814,172000
2023-05-26 01:55:55,33,W+R,0,False,False,False,B,-0.85,12.8721,172000
2023-05-26 01:56:08,56,B+R,0,False,False,False,W,-0.85,12.8207,172000
2023-05-26 01:56:20,41,W+R,0,False,False,False,B,-0.85,12.8552,172000
2023-05-26 01:56:29,32,B+R,0,False,False,False,W,-0.85,12.8851,172000
2023-05-26 01:56:39,32,B+R,0,False,False,False,W,-0.85,12.8746,172000
2023-05-26 01:56:48,33,W+R,0,False,False,False,B,-0.85,12.8952,172000
2023-05-26 01:56:58,33,W+R,0,False,False,False,B,-0.85,12.9193,172000
2023-05-26 01:57:06,32,B+R,0,False,False,False,W,-0.85,12.8353,172000
2023-05-26 01:57:16,33,W+R,0,False,False,False,B,-0.85,12.7375,172000
2023-05-26 01:57:25,33,W+R,0,False,False,False,B,-0.85,12.4762,172000
2023-05-26 01:57:32,33,W+R,0,False,False,False,B,-0.85,12.4623,172000
2023-05-26 01:57:40,33,W+R,0,False,False,False,B,-0.85,12.4604,172000
2023-05-26 01:57:49,33,W+R,0,False,False,False,B,-0.85,12.1856,172000
2023-05-26 01:58:08,53,W+R,0,False,False,False,B,-0.85,12.1013,172000
2023-05-26 01:58:22,55,B+21.5,4,True,True,False,W,-0.85,12.1371,172000
2023-05-26 01:58:43,78,W+9.5,7,True,True,False,B,-0.85,12.2478,172000
2023-05-26 01:58:53,33,W+R,0,False,False,False,B,-0.85,12.2404,172000
2023-05-26 01:59:04,33,W+R,0,False,False,False,B,-0.85,12.1486,172000
2023-05-26 01:59:13,33,W+R,0,False,False,False,B,-0.85,12.1514,172000
2023-05-26 01:59:23,33,W+R,0,False,False,False,B,-0.85,12.1501,172000
2023-05-26 01:59:34,33,W+R,0,False,False,False,B,-0.85,12.0642,172000
2023-05-26 02:01:13,65,W+R,0,False,False,False,B,-0.85,12.0407,173000
2023-05-26 02:01:25,36,B+R,0,False,False,False,W,-0.85,12.0541,173000
2023-05-26 02:01:35,33,W+R,0,False,False,False,B,-0.85,12.0597,173000
2023-05-26 02:01:45,33,W+R,0,False,False,False,B,-0.85,11.9766,173000
2023-05-26 02:01:53,33,W+R,0,False,False,False,B,-0.85,11.9482,173000
2023-05-26 02:02:02,33,W+R,0,False,False,False,B,-0.85,11.9525,173000
2023-05-26 02:02:14,33,W+R,0,False,False,False,B,-0.85,11.8906,173000
2023-05-26 02:02:24,33,W+R,0,False,False,False,B,-0.85,11.7345,173000
2023-05-26 02:02:37,44,B+R,0,False,False,False,W,-0.85,11.7499,173000
2023-05-26 02:03:01,72,B+R,3,False,False,False,W,-0.85,11.7467,173000
2023-05-26 02:03:24,89,W+2.5,13,True,True,False,B,-0.85,11.8848,173000
2023-05-26 02:03:32,33,W+R,0,False,False,False,B,-0.85,11.864,173000
2023-05-26 02:03:42,33,W+R,0,False,False,False,B,-0.85,11.8135,173000
2023-05-26 02:03:50,33,W+R,0,False,False,False,B,-0.85,11.8049,173000
2023-05-26 02:03:59,33,W+R,0,False,False,False,B,-0.85,11.8084,173000
2023-05-26 02:04:06,41,W+R,0,False,False,False,B,-0.85,11.6561,173000
2023-05-26 02:04:17,35,W+R,0,False,False,False,B,-0.85,11.6477,173000
2023-05-26 02:04:27,32,B+R,0,False,False,False,W,-0.85,11.6563,173000
2023-05-26 02:04:37,33,W+R,0,False,False,False,B,-0.85,11.6783,173000
2023-05-26 02:04:46,33,W+R,0,False,False,False,B,-0.85,11.6851,173000
2023-05-26 02:04:56,33,W+R,0,False,False,False,B,-0.85,11.6759,173000
2023-05-26 02:05:07,33,W+R,0,False,False,False,B,-0.85,11.6889,173000
2023-05-26 02:05:17,33,W+R,0,False,False,False,B,-0.85,11.6061,173000
2023-05-26 02:05:27,33,W+R,0,False,False,False,B,-0.85,11.6192,173000
2023-05-26 02:05:47,100,W+3.5,12,True,True,False,B,-0.85,11.678,173000
2023-05-26 02:06:10,92,W+0.5,12,True,True,False,B,-0.85,11.7197,173000
2023-05-26 02:06:19,32,B+R,0,False,False,False,W,-0.85,11.7009,173000
2023-05-26 02:06:29,33,W+R,0,False,False,False,B,-0.85,11.6916,173000
2023-05-26 02:06:38,33,W+R,0,False,False,False,B,-0.85,11.6857,173000
2023-05-26 02:06:47,33,W+R,0,False,False,False,B,-0.85,11.6766,173000
2023-05-26 02:06:58,33,W+R,0,False,False,False,B,-0.85,11.6767,173000
2023-05-26 02:07:09,41,W+R,0,False,False,False,B,-0.85,11.6869,173000
2023-05-26 02:07:19,33,W+R,0,False,False,False,B,-0.85,11.6507,173000
2023-05-26 02:07:28,33,W+R,0,False,False,False,B,-0.85,11.6364,173000
2023-05-26 02:07:35,35,W+R,0,False,False,False,B,-0.85,11.5561,173000
2023-05-26 02:07:42,33,W+R,0,False,False,False,B,-0.85,11.5269,173000
2023-05-26 02:07:49,33,W+R,0,False,False,False,B,-0.85,11.5039,173000
2023-05-26 02:07:59,33,W+R,0,False,False,False,B,-0.85,11.4853,173000
2023-05-26 02:08:10,33,W+R,0,False,False,False,B,-0.85,11.5085,173000
2023-05-26 02:08:24,41,W+R,0,False,False,False,B,-0.85,11.5468,173000
2023-05-26 02:08:34,33,W+R,0,False,False,False,B,-0.85,11.322,173000
2023-05-26 02:08:58,104,W+16.5,14,True,True,False,B,-0.85,11.4517,173000
2023-05-26 02:09:05,33,W+R,0,False,False,False,B,-0.85,11.4294,173000
2023-05-26 02:09:15,33,W+R,0,False,False,False,B,-0.85,11.4119,173000
2023-05-26 02:09:24,32,B+R,0,False,False,False,W,-0.85,11.4418,173000
2023-05-26 02:09:35,33,W+R,0,False,False,False,B,-0.85,11.476,173000
2023-05-26 02:11:12,33,W+R,0,False,False,False,B,-0.85,11.5777,174000
2023-05-26 02:11:33,62,B+R,0,False,False,False,W,-0.85,11.5036,174000
2023-05-26 02:11:57,88,W+2.5,5,True,True,False,B,-0.85,11.6573,174000
2023-05-26 02:12:06,33,W+R,0,False,False,False,B,-0.85,11.6503,174000
2023-05-26 02:12:17,37,W+R,0,False,False,False,B,-0.85,11.6535,174000
2023-05-26 02:12:26,32,B+R,0,False,False,False,W,-0.85,11.6758,174000
2023-05-26 02:12:37,33,W+R,0,False,False,False,B,-0.85,11.6837,174000
2023-05-26 02:13:12,162,W+21.5,42,True,True,False,B,-0.85,11.7566,174000
2023-05-26 02:13:33,84,W+16.5,7,True,True,False,B,-0.85,11.8796,174000
2023-05-26 02:13:46,45,W+R,0,False,False,False,B,-0.85,11.921,174000
2023-05-26 02:13:56,33,W+R,0,False,False,False,B,-0.85,11.8308,174000
2023-05-26 02:14:06,33,W+R,0,False,False,False,B,-0.85,11.8321,174000
2023-05-26 02:14:16,33,W+R,0,False,False,False,B,-0.85,11.8274,174000
2023-05-26 02:14:26,33,W+R,0,False,False,False,B,-0.85,11.7681,174000
2023-05-26 02:14:36,33,W+R,0,False,False,False,B,-0.85,11.7621,174000
2023-05-26 02:14:46,33,W+R,0,False,False,False,B,-0.85,11.7577,174000
2023-05-26 02:14:56,35,W+R,0,False,False,False,B,-0.85,11.7559,174000
2023-05-26 02:15:07,33,W+R,0,False,False,False,B,-0.85,11.7631,174000
2023-05-26 02:15:16,33,W+R,0,False,False,False,B,-0.85,11.7626,174000
2023-05-26 02:15:26,33,W+R,0,False,False,False,B,-0.85,11.5433,174000
2023-05-26 02:15:41,49,W+R,0,False,False,False,B,-0.85,11.5893,174000
2023-05-26 02:15:54,43,W+R,0,False,False,False,B,-0.85,11.631,174000
2023-05-26 02:16:04,33,W+R,0,False,False,False,B,-0.85,11.6262,174000
2023-05-26 02:16:14,33,W+R,0,False,False,False,B,-0.85,11.6255,174000
2023-05-26 02:16:25,40,B+R,0,False,False,False,W,-0.85,11.6333,174000
2023-05-26 02:16:35,33,W+R,0,False,False,False,B,-0.85,11.6362,174000
2023-05-26 02:16:45,33,W+R,0,False,False,False,B,-0.85,11.6326,174000
2023-05-26 02:16:55,33,W+R,0,False,False,False,B,-0.85,11.636,174000
2023-05-26 02:17:04,32,B+R,0,False,False,False,W,-0.85,11.6308,174000
2023-05-26 02:17:14,33,W+R,0,False,False,False,B,-0.85,11.6266,174000
2023-05-26 02:17:25,33,W+R,0,False,False,False,B,-0.85,11.6247,174000
2023-05-26 02:17:32,33,W+R,0,False,False,False,B,-0.85,11.6042,174000
2023-05-26 02:17:40,33,W+R,0,False,False,False,B,-0.85,11.557,174000
2023-05-26 02:17:50,33,W+R,0,False,False,False,B,-0.85,11.5354,174000
2023-05-26 02:18:00,33,W+R,0,False,False,False,B,-0.85,11.5328,174000
2023-05-26 02:18:17,67,W+6.5,4,True,True,False,B,-0.85,11.6101,174000
2023-05-26 02:18:26,33,W+R,0,False,False,False,B,-0.85,11.6057,174000
2023-05-26 02:18:36,33,W+R,0,False,False,False,B,-0.85,11.6123,174000
2023-05-26 02:18:46,33,W+R,0,False,False,False,B,-0.85,11.6275,174000
2023-05-26 02:18:56,33,W+R,0,False,False,False,B,-0.85,11.6256,174000
2023-05-26 02:19:10,49,W+R,0,False,False,False,B,-0.85,11.6829,174000
2023-05-26 02:19:19,33,W+R,0,False,False,False,B,-0.85,11.7057,174000
2023-05-26 02:19:30,33,W+R,0,False,False,False,B,-0.85,11.7343,174000
2023-05-26 02:19:40,35,W+R,0,False,False,False,B,-0.85,11.7381,174000
2023-05-26 02:19:50,33,W+R,0,False,False,False,B,-0.85,11.6488,174000
2023-05-26 02:21:21,33,W+R,0,False,False,False,B,-0.85,11.4868,175000
2023-05-26 02:21:35,50,B+R,0,False,False,False,W,-0.85,11.5307,175000
2023-05-26 02:21:46,33,W+R,0,False,False,False,B,-0.85,11.5339,175000
2023-05-26 02:21:59,45,W+R,0,False,False,False,B,-0.85,11.5702,175000
2023-05-26 02:22:09,33,W+R,0,False,False,False,B,-0.85,11.5752,175000
2023-05-26 02:22:20,33,W+R,0,False,False,False,B,-0.85,11.578,175000
2023-05-26 02:22:34,76,W+1.5,3,True,True,False,B,-0.85,11.5925,175000
2023-05-26 02:22:46,41,W+R,0,False,False,False,B,-0.85,11.508,175000
2023-05-26 02:22:56,33,W+R,0,False,False,False,B,-0.85,11.4968,175000
2023-05-26 02:23:07,33,W+R,0,False,False,False,B,-0.85,11.5034,175000
2023-05-26 02:23:18,33,W+R,0,False,False,False,B,-0.85,11.515,175000
2023-05-26 02:23:29,33,W+R,0,False,False,False,B,-0.85,11.5422,175000
2023-05-26 02:23:39,33,W+R,0,False,False,False,B,-0.85,11.5548,175000
2023-05-26 02:23:50,33,W+R,0,False,False,False,B,-0.85,11.5473,175000
2023-05-26 02:24:00,32,B+R,0,False,False,False,W,-0.85,11.5413,175000
2023-05-26 02:24:10,33,W+R,0,False,False,False,B,-0.85,11.5081,175000
2023-05-26 02:24:20,33,W+R,0,False,False,False,B,-0.85,11.3742,175000
2023-05-26 02:24:28,32,B+R,0,False,False,False,W,-0.85,11.2186,175000
2023-05-26 02:24:56,115,W+4.5,16,True,True,False,B,-0.85,11.4197,175000
2023-05-26 02:25:06,33,W+R,0,False,False,False,B,-0.85,11.4284,175000
2023-05-26 02:25:16,32,B+R,0,False,False,False,W,-0.85,11.4454,175000
2023-05-26 02:25:25,33,W+R,0,False,False,False,B,-0.85,11.442,175000
2023-05-26 02:25:36,33,W+R,0,False,False,False,B,-0.85,11.4772,175000
2023-05-26 02:25:48,47,W+R,0,False,False,False,B,-0.85,11.4942,175000
2023-05-26 02:25:58,33,W+R,0,False,False,False,B,-0.85,11.4948,175000
2023-05-26 02:26:06,33,W+R,0,False,False,False,B,-0.85,11.4753,175000
2023-05-26 02:26:14,33,W+R,0,False,False,False,B,-0.85,11.4649,175000
2023-05-26 02:26:23,32,B+R,0,False,False,False,W,-0.85,11.4493,175000
2023-05-26 02:26:48,86,W+3.5,14,True,True,False,B,-0.85,11.5973,175000
2023-05-26 02:26:57,33,W+R,0,False,False,False,B,-0.85,11.589,175000
2023-05-26 02:27:07,33,W+R,0,False,False,False,B,-0.85,11.5841,175000
2023-05-26 02:27:16,32,B+R,0,False,False,False,W,-0.85,11.4721,175000
2023-05-26 02:27:25,33,W+R,0,False,False,False,B,-0.85,11.3369,175000
2023-05-26 02:27:35,33,W+R,0,False,False,False,B,-0.85,11.3474,175000
2023-05-26 02:27:45,33,W+R,0,False,False,False,B,-0.85,11.3497,175000
2023-05-26 02:28:07,85,W+6.5,13,True,True,False,B,-0.85,11.4739,175000
2023-05-26 02:28:20,48,B+R,0,False,False,False,W,-0.85,11.5108,175000
2023-05-26 02:28:39,71,B+3.5,7,True,True,False,W,-0.85,11.5951,175000
2023-05-26 02:28:49,33,W+R,0,False,False,False,B,-0.85,11.5827,175000
2023-05-26 02:28:59,33,W+R,0,False,False,False,B,-0.85,11.5896,175000
2023-05-26 02:29:10,32,B+R,0,False,False,False,W,-0.85,11.6108,175000
2023-05-26 02:29:21,33,W+R,0,False,False,False,B,-0.85,11.6407,175000
2023-05-26 02:29:30,33,W+R,0,False,False,False,B,-0.85,11.6691,175000
2023-05-26 02:29:45,47,W+R,0,False,False,False,B,-0.85,11.7399,175000
2023-05-26 02:29:57,44,B+R,0,False,False,False,W,-0.85,11.7676,175000
2023-05-26 02:31:27,33,W+R,0,False,False,False,B,-0.85,11.7185,176000
2023-05-26 02:31:37,33,W+R,0,False,False,False,B,-0.85,11.7131,176000
2023-05-26 02:31:47,33,W+R,0,False,False,False,B,-0.85,11.5797,176000
2023-05-26 02:31:56,33,W+R,0,False,False,False,B,-0.85,11.6005,176000
2023-05-26 02:32:06,32,B+R,0,False,False,False,W,-0.85,11.6032,176000
2023-05-26 02:32:18,33,W+R,0,False,False,False,B,-0.85,11.6214,176000
2023-05-26 02:32:28,33,W+R,0,False,False,False,B,-0.85,11.6107,176000
2023-05-26 02:32:38,33,W+R,0,False,False,False,B,-0.85,11.5396,176000
2023-05-26 02:32:51,43,W+R,0,False,False,False,B,-0.85,11.5679,176000
2023-05-26 02:33:00,33,W+R,0,False,False,False,B,-0.85,11.4551,176000
2023-05-26 02:33:10,32,B+R,0,False,False,False,W,-0.85,11.3149,176000
2023-05-26 02:33:31,68,B+1.5,2,False,False,False,,-0.85,11.429,176000
2023-05-26 02:33:40,33,W+R,0,False,False,False,B,-0.85,11.4146,176000
2023-05-26 02:33:49,33,W+R,0,False,False,False,B,-0.85,11.4085,176000
2023-05-26 02:33:58,33,W+R,0,False,False,False,B,-0.85,11.3885,176000
2023-05-26 02:34:06,33,W+R,0,False,False,False,B,-0.85,11.1317,176000
2023-05-26 02:34:27,92,W+2.5,15,True,True,False,B,-0.85,11.1188,176000
2023-05-26 02:34:41,56,B+R,0,False,False,False,W,-0.85,11.1286,176000
2023-05-26 02:34:51,33,W+R,0,False,False,False,B,-0.85,11.1296,176000
2023-05-26 02:35:00,33,W+R,0,False,False,False,B,-0.85,11.1198,176000
2023-05-26 02:35:11,33,W+R,0,False,False,False,B,-0.85,11.1325,176000
2023-05-26 02:35:19,33,W+R,0,False,False,False,B,-0.85,11.1112,176000
2023-05-26 02:35:27,33,W+R,0,False,False,False,B,-0.85,11.0901,176000
2023-05-26 02:35:35,33,W+R,0,False,False,False,B,-0.85,11.0729,176000
2023-05-26 02:35:44,33,W+R,0,False,False,False,B,-0.85,11.0618,176000
2023-05-26 02:35:54,33,W+R,0,False,False,False,B,-0.85,11.0525,176000
2023-05-26 02:36:03,33,W+R,0,False,False,False,B,-0.85,11.0557,176000
2023-05-26 02:36:14,39,W+R,0,False,False,False,B,-0.85,11.0586,176000
2023-05-26 02:36:23,35,W+R,0,False,False,False,B,-0.85,11.0125,176000
2023-05-26 02:36:32,33,W+R,0,False,False,False,B,-0.85,10.9596,176000
2023-05-26 02:36:38,33,W+R,0,False,False,False,B,-0.85,10.923,176000
2023-05-26 02:36:46,32,B+R,0,False,False,False,W,-0.85,10.8981,176000
2023-05-26 02:37:21,162,W+15.5,39,True,True,False,B,-0.85,11.1426,176000
2023-05-26 02:37:30,33,W+R,0,False,False,False,B,-0.85,11.1376,176000
2023-05-26 02:37:40,33,W+R,0,False,False,False,B,-0.85,11.1344,176000
2023-05-26 02:37:49,32,B+R,0,False,False,False,W,-0.85,11.118,176000
2023-05-26 02:37:57,33,W+R,0,False,False,False,B,-0.85,11.1051,176000
2023-05-26 02:38:03,33,W+R,0,False,False,False,B,-0.85,11.0684,176000
2023-05-26 02:38:10,33,W+R,0,False,False,False,B,-0.85,11.0315,176000
2023-05-26 02:38:19,33,W+R,0,False,False,False,B,-0.85,11.0479,176000
2023-05-26 02:38:28,33,W+R,0,False,False,False,B,-0.85,11.0632,176000
2023-05-26 02:38:37,33,W+R,0,False,False,False,B,-0.85,11.0491,176000
2023-05-26 02:38:52,55,B+13.5,5,True,True,False,W,-0.85,11.1021,176000
2023-05-26 02:39:02,33,W+R,0,False,False,False,B,-0.85,11.0333,176000
2023-05-26 02:39:12,33,W+R,0,False,False,False,B,-0.85,11.0457,176000
2023-05-26 02:39:22,33,W+R,0,False,False,False,B,-0.85,11.0501,176000
2023-05-26 02:39:32,33,W+R,0,False,False,False,B,-0.85,11.044,176000
2023-05-26 02:39:42,33,W+R,0,False,False,False,B,-0.85,11.0476,176000
2023-05-26 02:41:21,33,W+R,0,False,False,False,B,-0.85,11.0941,177000
2023-05-26 02:41:32,33,W+R,0,False,False,False,B,-0.85,11.0938,177000
2023-05-26 02:41:42,33,W+R,0,False,False,False,B,-0.85,11.0876,177000
2023-05-26 02:42:01,60,B+R,0,False,False,False,W,-0.85,11.1808,177000
2023-05-26 02:42:10,32,B+R,0,False,False,False,W,-0.85,11.1778,177000
2023-05-26 02:42:24,50,W+18.5,2,True,True,False,B,-0.85,11.2186,177000
2023-05-26 02:42:34,33,W+R,0,False,False,False,B,-0.85,11.1782,177000
2023-05-26 02:43:08,162,W+22.5,38,True,True,False,B,-0.85,11.4103,177000
2023-05-26 02:43:17,35,W+R,0,False,False,False,B,-0.85,11.3676,177000
2023-05-26 02:43:31,45,W+R,0,False,False,False,B,-0.85,11.4039,177000
2023-05-26 02:43:41,33,W+R,0,False,False,False,B,-0.85,11.3945,177000
2023-05-26 02:43:51,33,W+R,0,False,False,False,B,-0.85,11.3635,177000
2023-05-26 02:44:02,33,W+R,0,False,False,False,B,-0.85,11.3476,177000
2023-05-26 02:44:12,33,W+R,0,False,False,False,B,-0.85,11.346,177000
2023-05-26 02:44:22,33,W+R,0,False,False,False,B,-0.85,11.3349,177000
2023-05-26 02:44:32,33,W+R,0,False,False,False,B,-0.85,11.3264,177000
2023-05-26 02:44:41,32,B+R,0,False,False,False,W,-0.85,11.3078,177000
2023-05-26 02:44:51,33,W+R,0,False,False,False,B,-0.85,11.307,177000
2023-05-26 02:45:01,33,W+R,0,False,False,False,B,-0.85,11.2974,177000
2023-05-26 02:45:08,32,B+R,0,False,False,False,W,-0.85,11.2718,177000
2023-05-26 02:45:20,33,W+R,0,False,False,False,B,-0.85,11.287,177000
2023-05-26 02:45:29,33,W+R,0,False,False,False,B,-0.85,11.2775,177000
2023-05-26 02:45:39,33,W+R,0,False,False,False,B,-0.85,11.2994,177000
2023-05-26 02:45:49,33,W+R,0,False,False,False,B,-0.85,11.1239,177000
2023-05-26 02:45:59,33,W+R,0,False,False,False,B,-0.85,11.1133,177000
2023-05-26 02:46:11,40,B+R,0,False,False,False,W,-0.85,11.1395,177000
2023-05-26 02:46:21,33,W+R,0,False,False,False,B,-0.85,11.1527,177000
2023-05-26 02:46:30,33,W+R,0,False,False,False,B,-0.85,11.1327,177000
2023-05-26 02:46:36,32,B+R,0,False,False,False,W,-0.85,11.072,177000
2023-05-26 02:46:52,54,B+R,0,False,False,False,W,-0.85,11.1263,177000
2023-05-26 02:47:02,33,W+R,0,False,False,False,B,-0.85,11.1471,177000
2023-05-26 02:47:11,33,W+R,0,False,False,False,B,-0.85,11.1552,177000
2023-05-26 02:47:20,33,W+R,0,False,False,False,B,-0.85,11.1576,177000
2023-05-26 02:47:47,103,W+0.5,15,True,True,False,B,-0.85,11.1833,177000
2023-05-26 02:48:01,52,B+R,0,False,False,False,W,-0.85,11.224,177000
2023-05-26 02:48:20,68,B+R,0,False,False,False,W,-0.85,11.3188,177000
2023-05-26 02:48:33,37,W+R,0,False,False,False,B,-0.85,11.3587,177000
2023-05-26 02:48:43,33,W+R,0,False,False,False,B,-0.85,11.3625,177000
2023-05-26 02:48:51,33,W+R,0,False,False,False,B,-0.85,11.3491,177000
2023-05-26 02:49:01,33,W+R,0,False,False,False,B,-0.85,11.3507,177000
2023-05-26 02:49:15,50,W+20.5,3,True,True,False,B,-0.85,11.2733,177000
2023-05-26 02:49:23,33,W+R,0,False,False,False,B,-0.85,11.2212,177000
2023-05-26 02:49:30,33,W+R,0,False,False,False,B,-0.85,11.0992,177000
2023-05-26 02:49:39,33,W+R,0,False,False,False,B,-0.85,11.0903,177000
2023-05-26 02:49:49,33,W+R,0,False,False,False,B,-0.85,11.085,177000
2023-05-26 02:49:59,33,W+R,0,False,False,False,B,-0.85,11.0732,177000
2023-05-26 02:51:32,33,W+R,0,False,False,False,B,-0.85,11.0946,178000
2023-05-26 02:51:41,32,B+R,0,False,False,False,W,-0.85,11.0437,178000
2023-05-26 02:51:50,33,W+R,0,False,False,False,B,-0.85,11.008,178000
2023-05-26 02:52:14,162,W+3.5,29,True,True,False,B,-0.85,11.1415,178000
2023-05-26 02:52:24,32,B+R,0,False,False,False,W,-0.85,11.1535,178000
2023-05-26 02:52:35,33,W+R,0,False,False,False,B,-0.85,11.1618,178000
2023-05-26 02:52:46,33,W+R,0,False,False,False,B,-0.85,11.1668,178000
2023-05-26 02:52:56,32,B+R,0,False,False,False,W,-0.85,11.1815,178000
2023-05-26 02:53:19,87,W+4.5,8,True,True,False,B,-0.85,11.3114,178000
2023-05-26 02:53:30,33,W+R,0,False,False,False,B,-0.85,11.3041,178000
2023-05-26 02:53:38,33,W+R,0,False,False,False,B,-0.85,11.2834,178000
2023-05-26 02:53:47,32,B+R,0,False,False,False,W,-0.85,11.274,178000
2023-05-26 02:53:57,33,W+R,0,False,False,False,B,-0.85,11.2489,178000
2023-05-26 02:54:07,33,W+R,0,False,False,False,B,-0.85,11.2532,178000
2023-05-26 02:54:18,33,W+R,0,False,False,False,B,-0.85,11.2628,178000
2023-05-26 02:54:28,33,W+R,0,False,False,False,B,-0.85,11.1556,178000
2023-05-26 02:54:47,67,W+R,0,False,False,False,B,-0.85,11.2502,178000
2023-05-26 02:54:54,33,W+R,0,False,False,False,B,-0.85,11.2354,178000
2023-05-26 02:55:03,33,W+R,0,False,False,False,B,-0.85,11.2341,178000
2023-05-26 02:55:20,53,W+R,0,False,False,False,B,-0.85,11.315,178000
2023-05-26 02:55:30,33,W+R,0,False,False,False,B,-0.85,11.2154,178000
2023-05-26 02:55:40,33,W+R,0,False,False,False,B,-0.85,11.174,178000
2023-05-26 02:55:50,33,W+R,0,False,False,False,B,-0.85,11.1727,178000
2023-05-26 02:56:25,162,W+7.5,32,True,True,False,B,-0.85,11.432,178000
2023-05-26 02:57:02,130,W+8.5,24,True,True,False,B,-0.85,11.6922,178000
2023-05-26 02:57:12,32,B+R,0,False,False,False,W,-0.85,11.7087,178000
2023-05-26 02:57:22,39,W+R,0,False,False,False,B,-0.85,11.7321,178000
2023-05-26 02:57:33,33,W+R,0,False,False,False,B,-0.85,11.7621,178000
2023-05-26 02:57:43,33,W+R,0,False,False,False,B,-0.85,11.7761,178000
2023-05-26 02:58:02,65,W+R,0,False,False,False,B,-0.85,11.8699,178000
2023-05-26 02:58:13,32,B+R,0,False,False,False,W,-0.85,11.8794,178000
2023-05-26 02:58:34,72,B+R,5,False,False,False,W,-0.85,11.9863,178000
2023-05-26 02:58:47,46,B+R,0,False,False,False,W,-0.85,12.0149,178000
2023-05-26 02:59:04,58,B+R,0,False,False,False,W,-0.85,12.098,178000
2023-05-26 02:59:14,33,W+R,0,False,False,False,B,-0.85,12.1423,178000
2023-05-26 02:59:25,33,W+R,0,False,False,False,B,-0.85,12.1701,178000
2023-05-26 02:59:35,33,W+R,0,False,False,False,B,-0.85,11.9262,178000
2023-05-26 02:59:44,33,W+R,0,False,False,False,B,-0.85,11.9125,178000
2023-05-26 02:59:54,33,W+R,0,False,False,False,B,-0.85,11.9166,178000
2023-05-26 03:00:04,33,W+R,0,False,False,False,B,-0.85,11.9296,178000
2023-05-26 03:00:13,33,W+R,0,False,False,False,B,-0.85,11.942,178000
2023-05-26 03:00:20,33,W+R,0,False,False,False,B,-0.85,11.9556,178000
2023-05-26 03:01:44,33,W+R,0,False,False,False,B,-0.85,11.9768,179000
2023-05-26 03:01:55,33,W+R,0,False,False,False,B,-0.85,11.9823,179000
2023-05-26 03:02:02,33,W+R,0,False,False,False,B,-0.85,11.9749,179000
2023-05-26 03:02:24,72,B+R,0,False,False,False,W,-0.85,12.0425,179000
2023-05-26 03:02:34,33,W+R,0,False,False,False,B,-0.85,12.0386,179000
2023-05-26 03:02:45,33,W+R,0,False,False,False,B,-0.85,12.0478,179000
2023-05-26 03:02:55,33,W+R,0,False,False,False,B,-0.85,12.0423,179000
2023-05-26 03:03:08,40,B+R,0,False,False,False,W,-0.85,12.0792,179000
2023-05-26 03:03:19,32,B+R,0,False,False,False,W,-0.85,12.0942,179000
2023-05-26 03:03:26,32,B+R,0,False,False,False,W,-0.85,11.9796,179000
2023-05-26 03:03:33,33,W+R,0,False,False,False,B,-0.85,11.9457,179000
2023-05-26 03:03:41,32,B+R,0,False,False,False,W,-0.85,11.9146,179000
2023-05-26 03:03:51,33,W+R,0,False,False,False,B,-0.85,11.9212,179000
2023-05-26 03:04:00,33,W+R,0,False,False,False,B,-0.85,11.8244,179000
2023-05-26 03:04:08,33,W+R,0,False,False,False,B,-0.85,11.8095,179000
2023-05-26 03:04:18,33,W+R,0,False,False,False,B,-0.85,11.775,179000
2023-05-26 03:04:28,33,W+R,0,False,False,False,B,-0.85,11.773,179000
2023-05-26 03:04:37,33,W+R,2,False,False,False,B,-0.85,11.5215,179000
2023-05-26 03:04:47,33,W+R,0,False,False,False,B,-0.85,11.5325,179000
2023-05-26 03:05:03,63,W+1.5,5,True,True,False,B,-0.85,11.5527,179000
2023-05-26 03:05:13,35,W+R,0,False,False,False,B,-0.85,11.5549,179000
2023-05-26 03:05:21,33,W+R,0,False,False,False,B,-0.85,11.5313,179000
2023-05-26 03:05:30,33,W+R,0,False,False,False,B,-0.85,11.5145,179000
2023-05-26 03:05:45,47,W+R,0,False,False,False,B,-0.85,11.5534,179000
2023-05-26 03:05:54,33,W+R,0,False,False,False,B,-0.85,11.5487,179000
2023-05-26 03:06:02,32,B+R,0,False,False,False,W,-0.85,11.5279,179000
2023-05-26 03:06:12,33,W+R,0,False,False,False,B,-0.85,11.5434,179000
2023-05-26 03:06:23,38,B+R,0,False,False,False,W,-0.85,11.5521,179000
2023-05-26 03:06:59,103,W+R,10,False,False,False,B,-0.85,11.8083,179000
2023-05-26 03:07:10,33,W+R,0,False,False,False,B,-0.85,11.8518,179000
2023-05-26 03:07:22,33,W+R,0,False,False,False,B,-0.85,11.8536,179000
2023-05-26 03:07:32,32,B+R,0,False,False,False,W,-0.85,11.8547,179000
2023-05-26 03:07:40,32,B+R,0,False,False,False,W,-0.85,11.8409,179000
2023-05-26 03:07:48,33,W+R,0,False,False,False,B,-0.85,11.8197,179000
2023-05-26 03:07:58,33,W+R,0,False,False,False,B,-0.85,11.8224,179000
2023-05-26 03:08:08,33,W+R,0,False,False,False,B,-0.85,11.8,179000
2023-05-26 03:08:24,57,W+R,0,False,False,False,B,-0.85,11.8585,179000
2023-05-26 03:08:33,33,W+R,0,False,False,False,B,-0.85,11.863,179000
2023-05-26 03:08:42,32,B+R,0,False,False,False,W,-0.85,11.8883,179000
2023-05-26 03:08:52,33,W+R,0,False,False,False,B,-0.85,11.8247,179000
2023-05-26 03:09:13,80,W+0.5,14,False,False,False,,-0.85,11.9367,179000
2023-05-26 03:09:29,61,W+7.5,2,True,True,False,B,-0.85,12.009,179000
2023-05-26 03:09:40,41,W+R,0,False,False,False,B,-0.85,12.0297,179000
2023-05-26 03:09:58,72,W+5.5,7,True,True,False,B,-0.85,11.9321,179000
2023-05-26 03:10:19,65,W+R,0,False,False,False,B,-0.85,12.0146,179000
2023-05-26 03:11:46,38,B+R,0,False,False,False,W,-0.85,11.8853,180000
2023-05-26 03:11:56,32,B+R,0,False,False,False,W,-0.85,11.8823,180000
2023-05-26 03:12:06,33,W+R,0,False,False,False,B,-0.85,11.8972,180000
2023-05-26 03:12:34,112,W+2.5,28,True,True,False,B,-0.85,12.0862,180000
2023-05-26 03:12:46,33,W+R,0,False,False,False,B,-0.85,12.0585,180000
2023-05-26 03:12:56,33,W+R,0,False,False,False,B,-0.85,12.0776,180000
2023-05-26 03:13:05,33,W+R,0,False,False,False,B,-0.85,12.1031,180000
2023-05-26 03:13:17,33,W+R,0,False,False,False,B,-0.85,12.1301,180000
2023-05-26 03:13:27,33,W+R,0,False,False,False,B,-0.85,12.1301,180000
2023-05-26 03:13:37,33,W+R,0,False,False,False,B,-0.85,12.1351,180000
2023-05-26 03:13:47,33,W+R,0,False,False,False,B,-0.85,12.121,180000
2023-05-26 03:13:55,33,W+R,0,False,False,False,B,-0.85,12.0956,180000
2023-05-26 03:14:04,32,B+R,0,False,False,False,W,-0.85,12.0936,180000
2023-05-26 03:14:13,33,W+R,0,False,False,False,B,-0.85,12.0945,180000
2023-05-26 03:14:20,33,W+R,0,False,False,False,B,-0.85,11.9156,180000
2023-05-26 03:14:32,43,W+R,0,False,False,False,B,-0.85,11.9413,180000
2023-05-26 03:14:43,36,B+R,0,False,False,False,W,-0.85,11.9377,180000
2023-05-26 03:15:04,71,W+R,0,False,False,False,B,-0.85,12.0427,180000
2023-05-26 03:15:13,32,B+R,0,False,False,False,W,-0.85,12.029,180000
2023-05-26 03:15:21,33,W+R,0,False,False,False,B,-0.85,11.8777,180000
2023-05-26 03:15:30,33,W+R,0,False,False,False,B,-0.85,11.8645,180000
2023-05-26 03:15:40,33,W+R,0,False,False,False,B,-0.85,11.8853,180000
2023-05-26 03:15:51,33,W+R,0,False,False,False,B,-0.85,11.8935,180000
2023-05-26 03:16:04,43,W+R,0,False,False,False,B,-0.85,11.9223,180000
2023-05-26 03:16:13,33,W+R,0,False,False,False,B,-0.85,11.9236,180000
2023-05-26 03:16:24,33,W+R,0,False,False,False,B,-0.85,11.917,180000
2023-05-26 03:16:34,35,W+R,0,False,False,False,B,-0.85,11.9149,180000
2023-05-26 03:16:50,68,W+12.5,6,True,True,False,B,-0.85,11.889,180000
2023-05-26 03:17:01,33,W+R,0,False,False,False,B,-0.85,11.9304,180000
2023-05-26 03:17:11,33,W+R,0,False,False,False,B,-0.85,11.943,180000
2023-05-26 03:17:20,33,W+R,0,False,False,False,B,-0.85,11.8653,180000
2023-05-26 03:17:30,33,W+R,0,False,False,False,B,-0.85,11.8623,180000
2023-05-26 03:17:40,33,W+R,0,False,False,False,B,-0.85,11.8613,180000
2023-05-26 03:17:50,32,B+R,0,False,False,False,W,-0.85,11.8589,180000
2023-05-26 03:18:12,82,W+5.5,8,True,True,False,B,-0.85,11.7313,180000
2023-05-26 03:18:27,57,W+10.5,2,True,True,False,B,-0.85,11.5158,180000
2023-05-26 03:18:37,33,W+R,0,False,False,False,B,-0.85,11.5158,180000
2023-05-26 03:18:47,33,W+R,0,False,False,False,B,-0.85,11.5104,180000
2023-05-26 03:18:56,33,W+R,0,False,False,False,B,-0.85,11.498,180000
2023-05-26 03:19:07,33,W+R,0,False,False,False,B,-0.85,11.5025,180000
2023-05-26 03:19:18,33,W+R,0,False,False,False,B,-0.85,11.4123,180000
2023-05-26 03:19:27,33,W+R,0,False,False,False,B,-0.85,11.4045,180000
2023-05-26 03:19:38,33,W+R,0,False,False,False,B,-0.85,11.2938,180000
2023-05-26 03:19:48,32,B+R,0,False,False,False,W,-0.85,11.2718,180000
2023-05-26 03:19:58,33,W+R,0,False,False,False,B,-0.85,11.2052,180000
2023-05-26 03:20:06,39,W+R,0,False,False,False,B,-0.85,11.1789,180000
2023-05-26 03:20:14,33,W+R,0,False,False,False,B,-0.85,11.1533,180000
2023-05-26 03:20:24,33,W+R,0,False,False,False,B,-0.85,11.144,180000
2023-05-26 03:21:57,33,W+R,0,False,False,False,B,-0.85,11.1508,181000
2023-05-26 03:22:08,33,W+R,0,False,False,False,B,-0.85,11.1592,181000
2023-05-26 03:22:18,33,W+R,0,False,False,False,B,-0.85,11.1746,181000
2023-05-26 03:22:27,33,W+R,0,False,False,False,B,-0.85,11.1882,181000
2023-05-26 03:22:37,33,W+R,0,False,False,False,B,-0.85,11.2159,181000
2023-05-26 03:22:47,33,W+R,0,False,False,False,B,-0.85,11.2123,181000
2023-05-26 03:22:57,33,W+R,0,False,False,False,B,-0.85,11.2062,181000
2023-05-26 03:23:06,33,W+R,0,False,False,False,B,-0.85,11.2183,181000
2023-05-26 03:23:16,33,W+R,0,False,False,False,B,-0.85,11.1048,181000
2023-05-26 03:23:26,33,W+R,0,False,False,False,B,-0.85,11.0997,181000
2023-05-26 03:23:35,33,W+R,0,False,False,False,B,-0.85,11.0853,181000
2023-05-26 03:23:45,33,W+R,0,False,False,False,B,-0.85,11.0835,181000
2023-05-26 03:23:54,33,W+R,0,False,False,False,B,-0.85,11.0373,181000
2023-05-26 03:24:02,33,W+R,0,False,False,False,B,-0.85,11.0117,181000
2023-05-26 03:24:10,32,B+R,0,False,False,False,W,-0.85,11.0269,181000
2023-05-26 03:24:20,33,W+R,0,False,False,False,B,-0.85,11.0529,181000
2023-05-26 03:24:30,33,W+R,0,False,False,False,B,-0.85,11.077,181000
2023-05-26 03:24:47,57,W+R,0,False,False,False,B,-0.85,11.1479,181000
2023-05-26 03:24:56,33,W+R,0,False,False,False,B,-0.85,11.1413,181000
2023-05-26 03:25:07,37,W+R,0,False,False,False,B,-0.85,11.1779,181000
2023-05-26 03:25:17,33,W+R,0,False,False,False,B,-0.85,11.1685,181000
2023-05-26 03:25:26,35,W+R,0,False,False,False,B,-0.85,11.1551,181000
2023-05-26 03:25:44,75,W+0.5,3,True,True,False,B,-0.85,11.2467,181000
2023-05-26 03:25:53,33,W+R,0,False,False,False,B,-0.85,11.248,181000
2023-05-26 03:26:04,33,W+R,1,False,False,False,B,-0.85,11.197,181000
2023-05-26 03:26:14,32,B+R,0,False,False,False,W,-0.85,11.1893,181000
2023-05-26 03:26:23,32,B+R,0,False,False,False,W,-0.85,11.1988,181000
2023-05-26 03:26:32,33,W+R,0,False,False,False,B,-0.85,11.1986,181000
2023-05-26 03:26:40,33,W+R,0,False,False,False,B,-0.85,11.135,181000
2023-05-26 03:26:48,33,W+R,0,False,False,False,B,-0.85,11.126,181000
2023-05-26 03:26:57,33,W+R,0,False,False,False,B,-0.85,11.1362,181000
2023-05-26 03:27:07,33,W+R,0,False,False,False,B,-0.85,11.1361,181000
2023-05-26 03:27:19,33,W+R,0,False,False,False,B,-0.85,11.1354,181000
2023-05-26 03:27:27,33,W+R,0,False,False,False,B,-0.85,10.8636,181000
2023-05-26 03:27:37,33,W+R,0,False,False,False,B,-0.85,10.8471,181000
2023-05-26 03:27:45,33,W+R,1,False,False,False,B,-0.85,10.8098,181000
2023-05-26 03:28:19,162,W+8.5,27,False,False,False,,-0.85,11.057,181000
2023-05-26 03:28:29,32,B+R,0,False,False,False,W,-0.85,11.074,181000
2023-05-26 03:28:38,33,W+R,0,False,False,False,B,-0.85,11.0768,181000
2023-05-26 03:28:48,32,B+R,0,False,False,False,W,-0.85,11.0799,181000
2023-05-26 03:28:57,32,B+R,0,False,False,False,W,-0.85,11.0752,181000
2023-05-26 03:29:22,75,W+R,0,False,False,False,B,-0.85,11.1587,181000
2023-05-26 03:29:32,33,W+R,0,False,False,False,B,-0.85,11.169,181000
2023-05-26 03:29:46,51,W+R,0,False,False,False,B,-0.85,11.217,181000
2023-05-26 03:29:55,33,W+R,0,False,False,False,B,-0.85,11.2174,181000
2023-05-26 03:30:05,32,B+R,0,False,False,False,W,-0.85,11.0994,181000
2023-05-26 03:30:16,32,B+R,0,False,False,False,W,-0.85,11.0509,181000
2023-05-26 03:30:25,32,B+R,0,False,False,False,W,-0.85,11.0361,181000
2023-05-26 03:30:35,33,W+R,0,False,False,False,B,-0.85,10.9609,181000
2023-05-26 03:32:00,33,W+R,0,False,False,False,B,-0.85,10.8545,182000
2023-05-26 03:32:10,33,W+R,0,False,False,False,B,-0.85,10.8211,182000
2023-05-26 03:32:31,68,B+R,5,False,False,False,W,-0.85,10.9381,182000
2023-05-26 03:32:41,33,W+R,0,False,False,False,B,-0.85,10.9315,182000
2023-05-26 03:32:51,33,W+R,0,False,False,False,B,-0.85,10.7413,182000
2023-05-26 03:33:31,162,W+5.5,26,True,True,False,B,-0.85,11.0336,182000
2023-05-26 03:33:42,33,W+R,0,False,False,False,B,-0.85,11.0434,182000
2023-05-26 03:33:54,33,W+R,0,False,False,False,B,-0.85,11.069,182000
2023-05-26 03:34:05,33,W+R,0,False,False,False,B,-0.85,11.062,182000
2023-05-26 03:34:16,33,W+R,0,False,False,False,B,-0.85,11.0712,182000
2023-05-26 03:34:26,33,W+R,0,False,False,False,B,-0.85,11.0683,182000
2023-05-26 03:34:36,33,W+R,0,False,False,False,B,-0.85,11.0752,182000
2023-05-26 03:34:47,33,W+R,0,False,False,False,B,-0.85,11.0994,182000
2023-05-26 03:34:59,40,B+R,0,False,False,False,W,-0.85,11.1251,182000
2023-05-26 03:35:16,56,B+R,0,False,False,False,W,-0.85,11.2121,182000
2023-05-26 03:35:27,33,W+R,0,False,False,False,B,-0.85,11.2508,182000
2023-05-26 03:35:37,33,W+R,0,False,False,False,B,-0.85,11.2316,182000
2023-05-26 03:35:48,32,B+R,0,False,False,False,W,-0.85,11.2371,182000
2023-05-26 03:36:00,44,W+6.5,2,True,True,False,B,-0.85,11.1453,182000
2023-05-26 03:36:15,45,W+R,0,False,False,False,B,-0.85,11.2002,182000
2023-05-26 03:36:25,33,W+R,0,False,False,False,B,-0.85,11.2166,182000
2023-05-26 03:36:34,33,W+R,0,False,False,False,B,-0.85,11.2184,182000
2023-05-26 03:36:44,33,W+R,0,False,False,False,B,-0.85,11.221,182000
2023-05-26 03:36:54,32,B+R,0,False,False,False,W,-0.85,11.2175,182000
2023-05-26 03:37:05,33,W+R,0,False,False,False,B,-0.85,11.1921,182000
2023-05-26 03:37:12,33,W+R,0,False,False,False,B,-0.85,11.1686,182000
2023-05-26 03:37:18,33,W+R,0,False,False,False,B,-0.85,11.1269,182000
2023-05-26 03:37:24,32,B+R,0,False,False,False,W,-0.85,11.087,182000
2023-05-26 03:37:34,33,W+R,0,False,False,False,B,-0.85,11.0195,182000
2023-05-26 03:37:55,75,W+6.5,5,True,True,False,B,-0.85,11.1147,182000
2023-05-26 03:38:05,33,W+R,0,False,False,False,B,-0.85,11.1176,182000
2023-05-26 03:38:14,33,W+R,0,False,False,False,B,-0.85,11.1217,182000
2023-05-26 03:38:22,33,W+R,0,False,False,False,B,-0.85,11.1031,182000
2023-05-26 03:38:33,33,W+R,0,False,False,False,B,-0.85,11.1056,182000
2023-05-26 03:38:43,33,W+R,0,False,False,False,B,-0.85,11.1071,182000
2023-05-26 03:38:52,33,W+R,0,False,False,False,B,-0.85,10.9777,182000
2023-05-26 03:39:02,33,W+R,0,False,False,False,B,-0.85,10.9318,182000
2023-05-26 03:39:12,33,W+R,0,False,False,False,B,-0.85,10.9342,182000
2023-05-26 03:39:32,85,W+6.5,11,True,True,False,B,-0.85,11.0383,182000
2023-05-26 03:40:06,135,W+6.5,30,True,True,False,B,-0.85,11.2734,182000
2023-05-26 03:40:16,33,W+R,0,False,False,False,B,-0.85,11.2638,182000
2023-05-26 03:41:54,33,W+R,0,False,False,False,B,-0.85,11.3537,183000
2023-05-26 03:42:02,32,B+R,0,False,False,False,W,-0.85,11.33,183000
2023-05-26 03:42:11,33,W+R,0,False,False,False,B,-0.85,11.3233,183000
2023-05-26 03:42:19,35,W+R,0,False,False,False,B,-0.85,11.2971,183000
2023-05-26 03:42:29,33,W+R,0,False,False,False,B,-0.85,11.3186,183000
2023-05-26 03:42:39,33,W+R,0,False,False,False,B,-0.85,11.3408,183000
2023-05-26 03:42:48,33,W+R,0,False,False,False,B,-0.85,11.328,183000
2023-05-26 03:43:03,56,W+8.5,3,True,True,False,B,-0.85,11.3977,183000
2023-05-26 03:43:24,76,W+5.5,9,True,True,False,B,-0.85,11.4999,183000
2023-05-26 03:43:34,33,W+R,0,False,False,False,B,-0.85,11.4912,183000
2023-05-26 03:43:45,33,W+R,0,False,False,False,B,-0.85,11.4945,183000
2023-05-26 03:43:56,33,W+R,0,False,False,False,B,-0.85,11.5216,183000
2023-05-26 03:44:06,33,W+R,0,False,False,False,B,-0.85,11.519,183000
2023-05-26 03:44:20,45,W+R,0,False,False,False,B,-0.85,11.5548,183000
2023-05-26 03:44:28,32,B+R,0,False,False,False,W,-0.85,11.54,183000
2023-05-26 03:44:39,33,W+R,0,False,False,False,B,-0.85,11.5558,183000
2023-05-26 03:45:02,87,W+R,0,False,False,False,B,-0.85,11.6873,183000
2023-05-26 03:45:10,33,W+R,0,False,False,False,B,-0.85,11.6677,183000
2023-05-26 03:45:18,32,B+R,0,False,False,False,W,-0.85,11.661,183000
2023-05-26 03:45:32,54,B+R,0,False,False,False,W,-0.85,11.7024,183000
2023-05-26 03:45:40,33,W+R,0,False,False,False,B,-0.85,11.6985,183000
2023-05-26 03:45:50,33,W+R,0,False,False,False,B,-0.85,11.7035,183000
2023-05-26 03:46:07,57,W+R,0,False,False,False,B,-0.85,11.7923,183000
2023-05-26 03:46:23,58,B+R,0,False,False,False,W,-0.85,11.8577,183000
2023-05-26 03:46:47,108,W+7.5,22,True,True,False,B,-0.85,12.0007,183000
2023-05-26 03:46:58,33,W+R,0,False,False,False,B,-0.85,11.9337,183000
2023-05-26 03:47:07,33,W+R,0,False,False,False,B,-0.85,11.9418,183000
2023-05-26 03:47:19,33,W+R,0,False,False,False,B,-0.85,11.9449,183000
2023-05-26 03:47:29,33,W+R,0,False,False,False,B,-0.85,11.947,183000
2023-05-26 03:47:37,33,W+R,0,False,False,False,B,-0.85,11.9485,183000
2023-05-26 03:47:59,82,W+5.5,7,True,True,False,B,-0.85,11.9834,183000
2023-05-26 03:48:08,33,W+R,0,False,False,False,B,-0.85,11.9727,183000
2023-05-26 03:48:18,33,W+R,0,False,False,False,B,-0.85,11.9614,183000
2023-05-26 03:48:27,33,W+R,0,False,False,False,B,-0.85,11.957,183000
2023-05-26 03:48:37,33,W+R,0,False,False,False,B,-0.85,11.9655,183000
2023-05-26 03:48:47,37,W+R,0,False,False,False,B,-0.85,11.9781,183000
2023-05-26 03:49:02,55,W+R,0,False,False,False,B,-0.85,12.0534,183000
2023-05-26 03:49:12,33,W+R,0,False,False,False,B,-0.85,12.0695,183000
2023-05-26 03:49:21,33,W+R,0,False,False,False,B,-0.85,12.0678,183000
2023-05-26 03:49:30,33,W+R,0,False,False,False,B,-0.85,12.0588,183000
2023-05-26 03:49:40,33,W+R,0,False,False,False,B,-0.85,12.0469,183000
2023-05-26 03:49:48,33,W+R,0,False,False,False,B,-0.85,12.0426,183000
2023-05-26 03:50:02,58,W+16.5,4,True,True,False,B,-0.85,12.0847,183000
2023-05-26 03:50:14,33,W+R,0,False,False,False,B,-0.85,12.12,183000
2023-05-26 03:52:07,33,W+R,0,False,False,False,B,-0.85,12.0683,184000
2023-05-26 03:52:16,32,B+R,0,False,False,False,W,-0.85,12.0739,184000
2023-05-26 03:52:27,33,W+R,0,False,False,False,B,-0.85,12.0837,184000
2023-05-26 03:52:36,33,W+R,0,False,False,False,B,-0.85,12.0816,184000
2023-05-26 03:52:46,35,W+R,0,False,False,False,B,-0.85,11.933,184000
2023-05-26 03:52:56,33,W+R,0,False,False,False,B,-0.85,11.9292,184000
2023-05-26 03:53:11,53,W+R,0,False,False,False,B,-0.85,11.9432,184000
2023-05-26 03:53:21,33,W+R,0,False,False,False,B,-0.85,11.9519,184000
2023-05-26 03:53:33,41,W+R,0,False,False,False,B,-0.85,11.9747,184000
2023-05-26 03:53:42,33,W+R,0,False,False,False,B,-0.85,11.9582,184000
2023-05-26 03:53:52,33,W+R,0,False,False,False,B,-0.85,11.9653,184000
2023-05-26 03:54:07,45,W+0.5,2,True,True,False,B,-0.85,12.0088,184000
2023-05-26 03:54:18,33,W+R,0,False,False,False,B,-0.85,12.0496,184000
2023-05-26 03:54:27,33,W+R,0,False,False,False,B,-0.85,12.0385,184000
2023-05-26 03:54:37,33,W+R,0,False,False,False,B,-0.85,12.0408,184000
2023-05-26 03:55:02,94,W+8.5,8,True,True,False,B,-0.85,12.0776,184000
2023-05-26 03:55:12,33,W+R,0,False,False,False,B,-0.85,12.0771,184000
2023-05-26 03:55:21,33,W+R,0,False,False,False,B,-0.85,12.0762,184000
2023-05-26 03:55:40,70,B+R,2,False,False,False,W,-0.85,11.8555,184000
2023-05-26 03:56:14,162,W+16.5,49,True,True,False,B,-0.85,12.092,184000
2023-05-26 03:56:24,33,W+R,0,False,False,False,B,-0.85,12.0759,184000
2023-05-26 03:56:34,33,W+R,0,False,False,False,B,-0.85,12.0601,184000
2023-05-26 03:56:50,53,W+R,0,False,False,False,B,-0.85,12.1112,184000
2023-05-26 03:56:58,33,W+R,0,False,False,False,B,-0.85,12.098,184000
2023-05-26 03:57:12,54,B+R,0,False,False,False,W,-0.85,12.1292,184000
2023-05-26 03:57:42,113,W+7.5,14,True,True,False,B,-0.85,12.318,184000
2023-05-26 03:57:58,53,W+R,0,False,False,False,B,-0.85,12.3585,184000
2023-05-26 03:58:19,93,W+11.5,9,True,True,False,B,-0.85,12.3995,184000
2023-05-26 03:58:55,162,W+28.5,32,True,True,False,B,-0.85,12.6516,184000
2023-05-26 03:59:02,32,B+R,0,False,False,False,W,-0.85,12.611,184000
2023-05-26 03:59:10,33,W+R,0,False,False,False,B,-0.85,12.5881,184000
2023-05-26 03:59:17,33,W+R,0,False,False,False,B,-0.85,12.5396,184000
2023-05-26 03:59:40,78,W+8.5,7,True,True,False,B,-0.85,12.6145,184000
2023-05-26 03:59:51,32,B+R,0,False,False,False,W,-0.85,12.6298,184000
2023-05-26 04:00:04,45,W+R,0,False,False,False,B,-0.85,12.6637,184000
2023-05-26 04:00:14,32,B+R,0,False,False,False,W,-0.85,12.6667,184000
2023-05-26 04:00:24,32,B+R,0,False,False,False,W,-0.85,12.6624,184000
2023-05-26 04:00:33,32,B+R,0,False,False,False,W,-0.85,12.654,184000
2023-05-26 04:02:04,33,W+R,0,False,False,False,B,-0.85,12.7085,185000
2023-05-26 04:02:13,33,W+R,0,False,False,False,B,-0.85,12.741,185000
2023-05-26 04:02:22,33,W+R,0,False,False,False,B,-0.85,12.7342,185000
2023-05-26 04:02:30,32,B+R,0,False,False,False,W,-0.85,12.6167,185000
2023-05-26 04:02:49,65,W+R,2,False,False,False,B,-0.85,12.6968,185000
2023-05-26 04:03:00,33,W+R,0,False,False,False,B,-0.85,12.7119,185000
2023-05-26 04:03:10,37,W+R,0,False,False,False,B,-0.85,12.7349,185000
2023-05-26 04:03:24,67,W+19.5,8,True,True,False,B,-0.85,12.7725,185000
2023-05-26 04:03:33,33,W+R,0,False,False,False,B,-0.85,12.763,185000
2023-05-26 04:03:44,35,W+R,0,False,False,False,B,-0.85,12.7825,185000
2023-05-26 04:04:00,50,B+R,0,False,False,False,W,-0.85,12.8362,185000
2023-05-26 04:04:11,33,W+R,0,False,False,False,B,-0.85,12.8435,185000
2023-05-26 04:04:26,48,B+R,0,False,False,False,W,-0.85,12.7935,185000
2023-05-26 04:04:35,33,W+R,0,False,False,False,B,-0.85,12.5527,185000
2023-05-26 04:04:44,32,B+R,0,False,False,False,W,-0.85,12.5449,185000
2023-05-26 04:05:03,54,B+R,0,False,False,False,W,-0.85,12.549,185000
2023-05-26 04:05:12,33,W+R,0,False,False,False,B,-0.85,12.5329,185000
2023-05-26 04:05:22,33,W+R,0,False,False,False,B,-0.85,12.5523,185000
2023-05-26 04:05:31,33,W+R,0,False,False,False,B,-0.85,12.5456,185000
2023-05-26 04:05:39,33,W+R,0,False,False,False,B,-0.85,12.55,185000
2023-05-26 04:05:49,33,W+R,0,False,False,False,B,-0.85,12.5504,185000
2023-05-26 04:06:04,47,W+R,0,False,False,False,B,-0.85,12.5953,185000
2023-05-26 04:06:12,33,W+R,0,False,False,False,B,-0.85,12.5983,185000
2023-05-26 04:06:20,33,W+R,0,False,False,False,B,-0.85,12.5228,185000
2023-05-26 04:06:48,120,W+9.5,21,True,True,False,B,-0.85,12.5963,185000
2023-05-26 04:06:58,41,W+R,0,False,False,False,B,-0.85,12.5957,185000
2023-05-26 04:07:07,33,W+R,0,False,False,False,B,-0.85,12.5737,185000
2023-05-26 04:07:17,33,W+R,0,False,False,False,B,-0.85,12.5616,185000
2023-05-26 04:07:32,53,W+R,0,False,False,False,B,-0.85,12.6143,185000
2023-05-26 04:08:05,162,W+8.5,31,True,True,False,B,-0.85,12.7995,185000
2023-05-26 04:08:12,33,W+R,0,False,False,False,B,-0.85,12.79,185000
2023-05-26 04:08:27,49,W+R,0,False,False,False,B,-0.85,12.8337,185000
2023-05-26 04:08:36,33,W+R,0,False,False,False,B,-0.85,12.6885,185000
2023-05-26 04:08:47,33,W+R,0,False,False,False,B,-0.85,12.7225,185000
2023-05-26 04:08:57,33,W+R,0,False,False,False,B,-0.85,12.7393,185000
2023-05-26 04:09:06,33,W+R,0,False,False,False,B,-0.85,12.6892,185000
2023-05-26 04:09:23,62,W+15.5,12,True,True,False,B,-0.85,12.7729,185000
2023-05-26 04:09:34,33,W+R,0,False,False,False,B,-0.85,12.7961,185000
2023-05-26 04:10:00,79,W+R,0,False,False,False,B,-0.85,12.8841,185000
2023-05-26 04:10:16,64,W+10.5,4,True,True,False,B,-0.85,12.8817,185000
2023-05-26 04:10:26,33,W+R,0,False,False,False,B,-0.85,12.734,185000
2023-05-26 04:11:51,33,W+R,0,False,False,False,B,-0.85,12.729,186000
2023-05-26 04:12:02,33,W+R,0,False,False,False,B,-0.85,12.7194,186000
2023-05-26 04:12:14,41,W+R,0,False,False,False,B,-0.85,12.7452,186000
2023-05-26 04:12:24,33,W+R,0,False,False,False,B,-0.85,12.7498,186000
2023-05-26 04:12:37,51,W+R,0,False,False,False,B,-0.85,12.6674,186000
2023-05-26 04:12:56,63,W+R,0,False,False,False,B,-0.85,12.7674,186000
2023-05-26 04:13:06,33,W+R,0,False,False,False,B,-0.85,12.7711,186000
2023-05-26 04:13:15,33,W+R,0,False,False,False,B,-0.85,12.7704,186000
2023-05-26 04:13:22,33,W+R,0,False,False,False,B,-0.85,12.7408,186000
2023-05-26 04:13:30,33,W+R,0,False,False,False,B,-0.85,12.7215,186000
2023-05-26 04:13:38,33,W+R,0,False,False,False,B,-0.85,12.6448,186000
2023-05-26 04:13:46,33,W+R,0,False,False,False,B,-0.85,12.6307,186000
2023-05-26 04:14:05,64,B+R,0,False,False,False,W,-0.85,12.7246,186000
2023-05-26 04:14:14,33,W+R,0,False,False,False,B,-0.85,12.7236,186000
2023-05-26 04:14:24,33,W+R,0,False,False,False,B,-0.85,12.7225,186000
2023-05-26 04:14:33,33,W+R,0,False,False,False,B,-0.85,12.7361,186000
2023-05-26 04:14:44,33,W+R,0,False,False,False,B,-0.85,12.7008,186000
2023-05-26 04:14:52,33,W+R,0,False,False,False,B,-0.85,12.6669,186000
2023-05-26 04:15:03,33,W+R,0,False,False,False,B,-0.85,12.4806,186000
2023-05-26 04:15:12,33,W+R,0,False,False,False,B,-0.85,12.4747,186000
2023-05-26 04:15:22,33,W+R,0,False,False,False,B,-0.85,12.4877,186000
2023-05-26 04:15:32,32,B+R,0,False,False,False,W,-0.85,12.4746,186000
2023-05-26 04:15:41,33,W+R,0,False,False,False,B,-0.85,12.4769,186000
2023-05-26 04:15:51,33,W+R,0,False,False,False,B,-0.85,12.4799,186000
2023-05-26 04:16:02,33,W+R,0,False,False,False,B,-0.85,12.4861,186000
2023-05-26 04:16:12,33,W+R,0,False,False,False,B,-0.85,12.4332,186000
2023-05-26 04:16:18,33,W+R,0,False,False,False,B,-0.85,12.3985,186000
2023-05-26 04:16:25,33,W+R,0,False,False,False,B,-0.85,12.3484,186000
2023-05-26 04:16:34,33,W+R,0,False,False,False,B,-0.85,12.3417,186000
2023-05-26 04:16:45,33,W+R,0,False,False,False,B,-0.85,12.3471,186000
2023-05-26 04:17:09,83,W+2.5,9,True,True,False,B,-0.85,12.4454,186000
2023-05-26 04:17:20,33,W+R,0,False,False,False,B,-0.85,12.4398,186000
2023-05-26 04:17:33,52,W+5.5,3,True,True,False,B,-0.85,12.4781,186000
2023-05-26 04:17:44,35,W+R,0,False,False,False,B,-0.85,12.4919,186000
2023-05-26 04:17:53,33,W+R,0,False,False,False,B,-0.85,12.3394,186000
2023-05-26 04:18:04,33,W+R,0,False,False,False,B,-0.85,12.348,186000
2023-05-26 04:18:18,61,W+4.5,7,True,True,False,B,-0.85,12.3969,186000
2023-05-26 04:18:27,33,W+R,0,False,False,False,B,-0.85,12.2993,186000
2023-05-26 04:18:37,35,W+R,0,False,False,False,B,-0.85,12.0579,186000
2023-05-26 04:18:45,33,W+R,0,False,False,False,B,-0.85,12.0323,186000
2023-05-26 04:18:55,33,W+R,0,False,False,False,B,-0.85,12.0384,186000
2023-05-26 04:19:05,33,W+R,0,False,False,False,B,-0.85,11.9813,186000
2023-05-26 04:19:15,33,W+R,0,False,False,False,B,-0.85,11.9933,186000
2023-05-26 04:19:34,84,W+8.5,6,True,True,False,B,-0.85,12.0414,186000
2023-05-26 04:19:43,33,W+R,0,False,False,False,B,-0.85,11.8388,186000
2023-05-26 04:19:56,37,W+R,0,False,False,False,B,-0.85,11.8125,186000
2023-05-26 04:21:37,33,W+R,0,False,False,False,B,-0.85,11.564,187000
2023-05-26 04:21:46,32,B+R,0,False,False,False,W,-0.85,11.5932,187000
2023-05-26 04:22:01,46,B+R,0,False,False,False,W,-0.85,11.6568,187000
2023-05-26 04:22:11,33,W+R,1,False,False,False,B,-0.85,11.6844,187000
2023-05-26 04:22:21,33,W+R,0,False,False,False,B,-0.85,11.5604,187000
2023-05-26 04:22:30,33,W+R,0,False,False,False,B,-0.85,11.5351,187000
2023-05-26 04:22:40,33,W+R,0,False,False,False,B,-0.85,11.5112,187000
2023-05-26 04:22:49,33,W+R,0,False,False,False,B,-0.85,11.4969,187000
2023-05-26 04:22:59,33,W+R,0,False,False,False,B,-0.85,11.4979,187000
2023-05-26 04:23:09,33,W+R,0,False,False,False,B,-0.85,11.5093,187000
2023-05-26 04:23:20,33,W+R,0,False,False,False,B,-0.85,11.5253,187000
2023-05-26 04:23:32,44,W+6.5,2,True,True,False,B,-0.85,11.5424,187000
2023-05-26 04:23:51,59,W+R,0,False,False,False,B,-0.85,11.6363,187000
2023-05-26 04:24:00,33,W+R,0,False,False,False,B,-0.85,11.6407,187000
2023-05-26 04:24:09,33,W+R,0,False,False,False,B,-0.85,11.6408,187000
2023-05-26 04:24:19,33,W+R,0,False,False,False,B,-0.85,11.5632,187000
2023-05-26 04:24:29,33,W+R,0,False,False,False,B,-0.85,11.5507,187000
2023-05-26 04:24:39,33,W+R,0,False,False,False,B,-0.85,11.547,187000
2023-05-26 04:24:48,33,W+R,0,False,False,False,B,-0.85,11.5001,187000
2023-05-26 04:24:57,33,W+R,0,False,False,False,B,-0.85,11.4929,187000
2023-05-26 04:25:05,33,W+R,0,False,False,False,B,-0.85,11.4662,187000
2023-05-26 04:25:15,33,W+R,0,False,False,False,B,-0.85,11.4096,187000
2023-05-26 04:25:24,33,W+R,0,False,False,False,B,-0.85,11.3912,187000
2023-05-26 04:25:38,48,B+R,0,False,False,False,W,-0.85,11.3747,187000
2023-05-26 04:25:47,33,W+R,0,False,False,False,B,-0.85,11.3788,187000
2023-05-26 04:25:56,33,W+R,0,False,False,False,B,-0.85,11.3766,187000
2023-05-26 04:26:05,32,B+R,0,False,False,False,W,-0.85,11.2769,187000
2023-05-26 04:26:13,33,W+R,0,False,False,False,B,-0.85,11.2658,187000
2023-05-26 04:26:21,33,W+R,0,False,False,False,B,-0.85,11.2493,187000
2023-05-26 04:26:33,37,W+R,0,False,False,False,B,-0.85,11.2746,187000
2023-05-26 04:26:53,93,W+11.5,6,True,True,False,B,-0.85,11.4003,187000
2023-05-26 04:27:03,33,W+R,0,False,False,False,B,-0.85,11.4038,187000
2023-05-26 04:27:14,33,W+R,0,False,False,False,B,-0.85,11.3651,187000
2023-05-26 04:27:23,33,W+R,1,False,False,False,B,-0.85,11.3663,187000
2023-05-26 04:27:32,33,W+R,0,False,False,False,B,-0.85,11.3757,187000
2023-05-26 04:27:43,33,W+R,0,False,False,False,B,-0.85,11.2012,187000
2023-05-26 04:27:53,33,W+R,0,False,False,False,B,-0.85,11.2074,187000
2023-05-26 04:28:05,33,W+R,0,False,False,False,B,-0.85,11.2375,187000
2023-05-26 04:28:16,34,B+R,0,False,False,False,W,-0.85,11.249,187000
2023-05-26 04:28:27,33,W+R,0,False,False,False,B,-0.85,11.1986,187000
2023-05-26 04:28:38,33,W+R,0,False,False,False,B,-0.85,10.9852,187000
2023-05-26 04:28:48,33,W+R,0,False,False,False,B,-0.85,11.0167,187000
2023-05-26 04:29:31,162,W+7.5,41,True,True,False,B,-0.85,11.3011,187000
2023-05-26 04:29:42,33,W+R,0,False,False,False,B,-0.85,11.3209,187000
2023-05-26 04:29:55,40,B+R,0,False,False,False,W,-0.85,11.3435,187000
2023-05-26 04:31:24,32,B+R,0,False,False,False,W,-0.85,11.334,188000
2023-05-26 04:31:34,33,W+R,0,False,False,False,B,-0.85,11.2668,188000
2023-05-26 04:31:44,33,W+R,0,False,False,False,B,-0.85,11.2559,188000
2023-05-26 04:31:55,33,W+R,0,False,False,False,B,-0.85,11.1086,188000
2023-05-26 04:32:04,33,W+R,0,False,False,False,B,-0.85,11.0309,188000
2023-05-26 04:32:15,33,W+R,0,False,False,False,B,-0.85,11.0441,188000
2023-05-26 04:32:24,33,W+R,0,False,False,False,B,-0.85,11.0547,188000
2023-05-26 04:32:34,33,W+R,0,False,False,False,B,-0.85,11.0493,188000
2023-05-26 04:32:51,79,W+13.5,6,True,True,False,B,-0.85,11.1143,188000
2023-05-26 04:33:02,33,W+R,0,False,False,False,B,-0.85,11.0949,188000
2023-05-26 04:33:13,33,W+R,0,False,False,False,B,-0.85,11.1101,188000
2023-05-26 04:33:23,33,W+R,0,False,False,False,B,-0.85,11.0742,188000
2023-05-26 04:33:42,68,W+2.5,3,True,True,False,B,-0.85,11.0759,188000
2023-05-26 04:33:52,33,W+R,0,False,False,False,B,-0.85,11.0752,188000
2023-05-26 04:34:01,33,W+R,0,False,False,False,B,-0.85,11.0803,188000
2023-05-26 04:34:11,35,W+R,0,False,False,False,B,-0.85,11.1132,188000
2023-05-26 04:34:21,33,W+R,0,False,False,False,B,-0.85,11.1225,188000
2023-05-26 04:34:30,33,W+R,0,False,False,False,B,-0.85,11.1437,188000
2023-05-26 04:34:39,33,W+R,0,False,False,False,B,-0.85,11.1439,188000
2023-05-26 04:34:50,33,W+R,0,False,False,False,B,-0.85,11.07,188000
2023-05-26 04:34:58,32,B+R,0,False,False,False,W,-0.85,11.0622,188000
2023-05-26 04:35:08,33,W+R,0,False,False,False,B,-0.85,11.0617,188000
2023-05-26 04:35:18,33,W+R,0,False,False,False,B,-0.85,11.0644,188000
2023-05-26 04:35:36,58,B+R,0,False,False,False,W,-0.85,11.1425,188000
2023-05-26 04:35:47,33,W+R,0,False,False,False,B,-0.85,11.1739,188000
2023-05-26 04:35:57,33,W+R,0,False,False,False,B,-0.85,11.1645,188000
2023-05-26 04:36:06,33,W+R,0,False,False,False,B,-0.85,11.1556,188000
2023-05-26 04:36:33,162,W+6.5,38,True,True,False,B,-0.85,11.3248,188000
2023-05-26 04:36:40,33,W+R,0,False,False,False,B,-0.85,11.3056,188000
2023-05-26 04:36:50,33,W+R,0,False,False,False,B,-0.85,11.3059,188000
2023-05-26 04:36:59,33,W+R,0,False,False,False,B,-0.85,11.2928,188000
2023-05-26 04:37:09,33,W+R,0,False,False,False,B,-0.85,11.2935,188000
2023-05-26 04:37:20,33,W+R,0,False,False,False,B,-0.85,11.3015,188000
2023-05-26 04:37:41,71,W+R,0,False,False,False,B,-0.85,11.4393,188000
2023-05-26 04:37:51,33,W+R,0,False,False,False,B,-0.85,11.4722,188000
2023-05-26 04:38:00,33,W+R,0,False,False,False,B,-0.85,11.484,188000
2023-05-26 04:38:13,39,W+R,0,False,False,False,B,-0.85,11.4984,188000
2023-05-26 04:38:23,32,B+R,0,False,False,False,W,-0.85,11.3578,188000
2023-05-26 04:38:33,33,W+R,0,False,False,False,B,-0.85,11.3476,188000
2023-05-26 04:38:41,33,W+R,0,False,False,False,B,-0.85,11.2989,188000
2023-05-26 04:38:56,82,W+6.5,10,True,True,False,B,-0.85,11.3457,188000
2023-05-26 04:39:06,33,W+R,0,False,False,False,B,-0.85,11.3468,188000
2023-05-26 04:39:17,33,W+R,0,False,False,False,B,-0.85,11.3489,188000
2023-05-26 04:39:27,33,W+R,0,False,False,False,B,-0.85,11.307,188000
2023-05-26 04:39:37,33,W+R,1,False,False,False,B,-0.85,11.3183,188000
2023-05-26 04:39:53,46,B+R,0,False,False,False,W,-0.85,11.3761,188000
2023-05-26 04:41:16,33,W+R,0,False,False,False,B,-0.85,11.3652,189000
2023-05-26 04:41:26,33,W+R,0,False,False,False,B,-0.85,11.3591,189000
2023-05-26 04:41:35,33,W+R,0,False,False,False,B,-0.85,11.3583,189000
2023-05-26 04:41:45,33,W+R,0,False,False,False,B,-0.85,11.2719,189000
2023-05-26 04:42:18,162,W+4.5,37,True,True,False,B,-0.85,11.5067,189000
2023-05-26 04:42:27,33,W+R,0,False,False,False,B,-0.85,11.4583,189000
2023-05-26 04:42:35,33,W+R,0,False,False,False,B,-0.85,11.3207,189000
2023-05-26 04:42:44,33,W+R,0,False,False,False,B,-0.85,11.3013,189000
2023-05-26 04:42:53,33,W+R,0,False,False,False,B,-0.85,11.3059,189000
2023-05-26 04:43:03,33,W+R,0,False,False,False,B,-0.85,11.2551,189000
2023-05-26 04:43:14,33,W+R,0,False,False,False,B,-0.85,11.2626,189000
2023-05-26 04:43:21,33,W+R,0,False,False,False,B,-0.85,11.2391,189000
2023-05-26 04:43:31,33,W+R,0,False,False,False,B,-0.85,11.2462,189000
2023-05-26 04:43:39,33,W+R,0,False,False,False,B,-0.85,11.2281,189000
2023-05-26 04:43:50,33,W+R,0,False,False,False,B,-0.85,11.2432,189000
2023-05-26 04:43:59,33,W+R,0,False,False,False,B,-0.85,11.2404,189000
2023-05-26 04:44:09,33,W+R,0,False,False,False,B,-0.85,11.2353,189000
2023-05-26 04:44:20,33,W+R,0,False,False,False,B,-0.85,11.2391,189000
2023-05-26 04:44:31,33,W+R,0,False,False,False,B,-0.85,11.2227,189000
2023-05-26 04:44:38,33,W+R,0,False,False,False,B,-0.85,11.1062,189000
2023-05-26 04:44:45,33,W+R,0,False,False,False,B,-0.85,11.0823,189000
2023-05-26 04:44:56,33,W+R,0,False,False,False,B,-0.85,11.1031,189000
2023-05-26 04:45:02,33,W+R,2,False,False,False,B,-0.85,11.0646,189000
2023-05-26 04:45:29,94,B+6.5,6,True,True,False,W,-0.85,11.2347,189000
2023-05-26 04:45:38,33,W+R,0,False,False,False,B,-0.85,11.2261,189000
2023-05-26 04:45:49,33,W+R,0,False,False,False,B,-0.85,11.2385,189000
2023-05-26 04:45:56,33,W+R,0,False,False,False,B,-0.85,11.2316,189000
2023-05-26 04:46:03,33,W+R,0,False,False,False,B,-0.85,11.2114,189000
2023-05-26 04:46:10,33,W+R,0,False,False,False,B,-0.85,11.1789,189000
2023-05-26 04:46:16,33,W+R,0,False,False,False,B,-0.85,11.1484,189000
2023-05-26 04:46:48,162,W+9.5,45,True,True,False,B,-0.85,11.3365,189000
2023-05-26 04:46:53,33,W+R,0,False,False,False,B,-0.85,11.2969,189000
2023-05-26 04:47:03,33,W+R,0,False,False,False,B,-0.85,11.3041,189000
2023-05-26 04:47:14,33,W+R,0,False,False,False,B,-0.85,11.3213,189000
2023-05-26 04:47:23,33,W+R,0,False,False,False,B,-0.85,11.3305,189000
2023-05-26 04:47:33,33,W+R,0,False,False,False,B,-0.85,11.3577,189000
2023-05-26 04:47:44,33,W+R,0,False,False,False,B,-0.85,11.3498,189000
2023-05-26 04:47:54,33,W+R,0,False,False,False,B,-0.85,11.2471,189000
2023-05-26 04:48:04,32,B+R,0,False,False,False,W,-0.85,11.2389,189000
2023-05-26 04:48:13,33,W+R,0,False,False,False,B,-0.85,11.2244,189000
2023-05-26 04:48:28,44,B+R,0,False,False,False,W,-0.85,11.2843,189000
2023-05-26 04:48:50,71,W+R,2,False,False,False,B,-0.85,11.4086,189000
2023-05-26 04:49:15,103,W+10.5,15,True,True,False,B,-0.85,11.5523,189000
2023-05-26 04:49:24,33,W+R,0,False,False,False,B,-0.85,11.5467,189000
2023-05-26 04:49:35,33,W+R,0,False,False,False,B,-0.85,11.5315,189000
2023-05-26 04:51:14,33,W+R,0,False,False,False,B,-0.85,11.6972,190000
2023-05-26 04:51:24,33,W+R,0,False,False,False,B,-0.85,11.6833,190000
2023-05-26 04:51:33,33,W+R,0,False,False,False,B,-0.85,11.6772,190000
2023-05-26 04:51:51,65,W+R,0,False,False,False,B,-0.85,11.4239,190000
2023-05-26 04:52:02,33,W+R,0,False,False,False,B,-0.85,11.4255,190000
2023-05-26 04:52:13,33,W+R,0,False,False,False,B,-0.85,11.3995,190000
2023-05-26 04:52:23,33,W+R,0,False,False,False,B,-0.85,11.4217,190000
2023-05-26 04:52:31,33,W+R,0,False,False,False,B,-0.85,11.399,190000
2023-05-26 04:52:42,33,W+R,0,False,False,False,B,-0.85,11.4035,190000
2023-05-26 04:52:52,33,W+R,0,False,False,False,B,-0.85,11.3985,190000
2023-05-26 04:53:02,32,B+R,0,False,False,False,W,-0.85,11.3922,190000
2023-05-26 04:53:12,32,B+R,0,False,False,False,W,-0.85,11.416,190000
2023-05-26 04:53:27,52,B+R,0,False,False,False,W,-0.85,11.451,190000
2023-05-26 04:53:37,33,W+R,0,False,False,False,B,-0.85,11.4519,190000
2023-05-26 04:53:47,33,W+R,0,False,False,False,B,-0.85,11.45,190000
2023-05-26 04:53:57,33,W+R,0,False,False,False,B,-0.85,11.383,190000
2023-05-26 04:54:07,33,W+R,0,False,False,False,B,-0.85,11.3775,190000
2023-05-26 04:54:18,33,W+R,0,False,False,False,B,-0.85,11.3742,190000
2023-05-26 04:54:28,33,W+R,0,False,False,False,B,-0.85,11.3757,190000
2023-05-26 04:54:57,87,W+R,1,False,False,False,B,-0.85,11.4811,190000
2023-05-26 04:55:07,33,W+R,0,False,False,False,B,-0.85,11.4859,190000
2023-05-26 04:55:15,33,W+R,0,False,False,False,B,-0.85,11.4662,190000
2023-05-26 04:55:22,33,W+R,0,False,False,False,B,-0.85,11.4333,190000
2023-05-26 04:55:29,32,B+R,0,False,False,False,W,-0.85,11.4143,190000
2023-05-26 04:55:40,33,W+R,0,False,False,False,B,-0.85,11.4185,190000
2023-05-26 04:55:49,33,W+R,0,False,False,False,B,-0.85,11.4238,190000
2023-05-26 04:55:58,32,B+R,0,False,False,False,W,-0.85,11.408,190000
2023-05-26 04:56:08,32,B+R,0,False,False,False,W,-0.85,11.4219,190000
2023-05-26 04:56:17,33,W+R,0,False,False,False,B,-0.85,11.4165,190000
2023-05-26 04:56:27,33,W+R,0,False,False,False,B,-0.85,11.4162,190000
2023-05-26 04:56:38,33,W+R,0,False,False,False,B,-0.85,11.344,190000
2023-05-26 04:56:56,78,B+R,10,False,False,False,W,-0.85,11.4155,190000
2023-05-26 04:57:05,33,W+R,0,False,False,False,B,-0.85,11.4075,190000
2023-05-26 04:57:16,33,W+R,0,False,False,False,B,-0.85,11.4276,190000
2023-05-26 04:57:26,33,W+R,0,False,False,False,B,-0.85,11.2581,190000
2023-05-26 04:57:38,41,W+R,0,False,False,False,B,-0.85,11.297,190000
2023-05-26 04:57:46,33,W+R,0,False,False,False,B,-0.85,11.2827,190000
2023-05-26 04:57:58,39,W+R,0,False,False,False,B,-0.85,11.3138,190000
2023-05-26 04:58:05,32,B+R,0,False,False,False,W,-0.85,11.284,190000
2023-05-26 04:58:14,33,W+R,0,False,False,False,B,-0.85,11.2704,190000
2023-05-26 04:58:37,94,W+14.5,9,True,True,False,B,-0.85,11.2896,190000
2023-05-26 04:58:47,33,W+R,0,False,False,False,B,-0.85,11.289,190000
2023-05-26 04:58:57,33,W+R,0,False,False,False,B,-0.85,11.2942,190000
2023-05-26 04:59:06,33,W+R,0,False,False,False,B,-0.85,11.2626,190000
2023-05-26 04:59:26,77,W+R,0,False,False,False,B,-0.85,11.3594,190000
2023-05-26 04:59:36,33,W+R,0,False,False,False,B,-0.85,11.3563,190000
2023-05-26 04:59:44,33,W+R,0,False,False,False,B,-0.85,11.3611,190000
2023-05-26 04:59:54,33,W+R,1,False,False,False,B,-0.85,11.3061,190000
2023-05-26 05:01:21,33,W+R,0,False,False,False,B,-0.85,11.2844,191000
2023-05-26 05:01:31,33,W+R,0,False,False,False,B,-0.85,11.2822,191000
2023-05-26 05:01:41,33,W+R,0,False,False,False,B,-0.85,11.2838,191000
2023-05-26 05:02:20,162,W+17.5,37,True,True,False,B,-0.85,11.5146,191000
2023-05-26 05:02:31,33,W+R,0,False,False,False,B,-0.85,11.5474,191000
2023-05-26 05:02:40,32,B+R,0,False,False,False,W,-0.85,11.5461,191000
2023-05-26 05:02:50,33,W+R,0,False,False,False,B,-0.85,11.551,191000
2023-05-26 05:03:01,33,W+R,0,False,False,False,B,-0.85,11.565,191000
2023-05-26 05:03:11,33,W+R,0,False,False,False,B,-0.85,11.5643,191000
2023-05-26 05:03:20,32,B+R,0,False,False,False,W,-0.85,11.3285,191000
2023-05-26 05:03:31,33,W+R,0,False,False,False,B,-0.85,11.3454,191000
2023-05-26 05:03:42,47,W+R,0,False,False,False,B,-0.85,11.3797,191000
2023-05-26 05:03:51,43,W+10.5,2,True,True,False,B,-0.85,11.3774,191000
2023-05-26 05:04:13,102,W+12.5,16,True,True,False,B,-0.85,11.5022,191000
2023-05-26 05:04:20,33,W+R,0,False,False,False,B,-0.85,11.4745,191000
2023-05-26 05:04:27,33,W+R,0,False,False,False,B,-0.85,11.4365,191000
2023-05-26 05:04:36,33,W+R,0,False,False,False,B,-0.85,11.4488,191000
2023-05-26 05:04:52,56,B+R,1,False,False,False,W,-0.85,11.523,191000
2023-05-26 05:05:01,33,W+R,0,False,False,False,B,-0.85,11.5237,191000
2023-05-26 05:05:10,39,W+R,0,False,False,False,B,-0.85,11.5042,191000
2023-05-26 05:05:17,33,W+R,0,False,False,False,B,-0.85,11.4834,191000
2023-05-26 05:05:27,33,W+R,0,False,False,False,B,-0.85,11.4834,191000
2023-05-26 05:05:38,33,W+R,0,False,False,False,B,-0.85,11.4805,191000
2023-05-26 05:05:48,33,W+R,0,False,False,False,B,-0.85,11.4788,191000
2023-05-26 05:05:56,33,W+R,0,False,False,False,B,-0.85,11.4937,191000
2023-05-26 05:06:07,33,W+R,1,False,False,False,B,-0.85,11.5281,191000
2023-05-26 05:06:18,33,W+R,0,False,False,False,B,-0.85,11.5281,191000
2023-05-26 05:06:28,33,W+R,0,False,False,False,B,-0.85,11.5639,191000
2023-05-26 05:06:38,33,W+R,0,False,False,False,B,-0.85,11.3986,191000
2023-05-26 05:06:47,33,W+R,0,False,False,False,B,-0.85,11.3988,191000
2023-05-26 05:06:56,33,W+R,0,False,False,False,B,-0.85,11.3819,191000
2023-05-26 05:07:15,69,W+8.5,7,True,True,False,B,-0.85,11.4977,191000
2023-05-26 05:07:24,33,W+R,0,False,False,False,B,-0.85,11.5224,191000
2023-05-26 05:07:34,33,W+R,0,False,False,False,B,-0.85,11.545,191000
2023-05-26 05:07:44,36,B+R,0,False,False,False,W,-0.85,11.5927,191000
2023-05-26 05:07:54,33,W+R,0,False,False,False,B,-0.85,11.3648,191000
2023-05-26 05:08:04,33,W+R,0,False,False,False,B,-0.85,11.4079,191000
2023-05-26 05:08:13,33,W+R,0,False,False,False,B,-0.85,11.4052,191000
2023-05-26 05:08:23,33,W+R,0,False,False,False,B,-0.85,11.4048,191000
2023-05-26 05:08:33,33,W+R,0,False,False,False,B,-0.85,11.4149,191000
2023-05-26 05:08:48,45,W+R,0,False,False,False,B,-0.85,11.4468,191000
2023-05-26 05:08:57,32,B+R,0,False,False,False,W,-0.85,11.4386,191000
2023-05-26 05:09:08,33,W+R,0,False,False,False,B,-0.85,11.4427,191000
2023-05-26 05:09:18,33,W+R,0,False,False,False,B,-0.85,11.4463,191000
2023-05-26 05:09:24,32,B+R,0,False,False,False,W,-0.85,11.4153,191000
2023-05-26 05:11:00,33,W+R,0,False,False,False,B,-0.85,11.2913,192000
2023-05-26 05:11:11,33,W+R,0,False,False,False,B,-0.85,11.1525,192000
2023-05-26 05:11:27,57,B+9.5,6,True,True,False,W,-0.85,11.2126,192000
2023-05-26 05:11:37,33,W+R,0,False,False,False,B,-0.85,11.2147,192000
2023-05-26 05:11:51,45,W+R,0,False,False,False,B,-0.85,11.0727,192000
2023-05-26 05:12:11,79,W+7.5,5,True,True,False,B,-0.85,11.1742,192000
2023-05-26 05:12:23,33,W+R,0,False,False,False,B,-0.85,11.1888,192000
2023-05-26 05:12:34,33,W+R,0,False,False,False,B,-0.85,11.2012,192000
2023-05-26 05:12:55,76,W+3.5,2,True,True,False,B,-0.85,11.236,192000
2023-05-26 05:13:05,33,W+R,0,False,False,False,B,-0.85,11.2292,192000
2023-05-26 05:13:15,33,W+R,0,False,False,False,B,-0.85,11.2186,192000
2023-05-26 05:13:24,33,W+R,0,False,False,False,B,-0.85,11.2082,192000
2023-05-26 05:13:35,33,W+R,0,False,False,False,B,-0.85,11.2325,192000
2023-05-26 05:13:44,33,W+R,0,False,False,False,B,-0.85,11.2193,192000
2023-05-26 05:13:53,33,W+R,0,False,False,False,B,-0.85,11.2124,192000
2023-05-26 05:14:03,33,W+R,0,False,False,False,B,-0.85,11.2108,192000
2023-05-26 05:14:12,33,W+R,0,False,False,False,B,-0.85,11.1936,192000
2023-05-26 05:14:22,33,W+R,0,False,False,False,B,-0.85,11.1523,192000
2023-05-26 05:14:46,73,W+0.5,7,False,False,False,,-0.85,11.2846,192000
2023-05-26 05:15:09,76,B+R,6,False,False,False,W,-0.85,11.4221,192000
2023-05-26 05:15:19,33,W+R,0,False,False,False,B,-0.85,11.4135,192000
2023-05-26 05:15:27,33,W+R,0,False,False,False,B,-0.85,11.3954,192000
2023-05-26 05:15:36,33,W+R,0,False,False,False,B,-0.85,11.385,192000
2023-05-26 05:15:46,33,W+R,0,False,False,False,B,-0.85,11.3785,192000
2023-05-26 05:15:59,48,W+0.5,3,True,False,False,,-0.85,11.217,192000
2023-05-26 05:16:09,33,W+R,0,False,False,False,B,-0.85,11.2122,192000
2023-05-26 05:16:29,72,B+1.5,6,False,False,False,,-0.85,11.3383,192000
2023-05-26 05:16:38,33,W+R,0,False,False,False,B,-0.85,11.3571,192000
2023-05-26 05:16:50,33,W+R,0,False,False,False,B,-0.85,11.4072,192000
2023-05-26 05:17:06,54,B+R,0,False,False,False,W,-0.85,11.4617,192000
2023-05-26 05:17:15,33,W+R,0,False,False,False,B,-0.85,11.4648,192000
2023-05-26 05:17:26,33,W+R,0,False,False,False,B,-0.85,11.4743,192000
2023-05-26 05:17:37,33,W+R,0,False,False,False,B,-0.85,11.4854,192000
2023-05-26 05:17:49,46,B+R,0,False,False,False,W,-0.85,11.5178,192000
2023-05-26 05:17:59,33,W+R,0,False,False,False,B,-0.85,11.5228,192000
2023-05-26 05:18:10,33,W+R,0,False,False,False,B,-0.85,11.5152,192000
2023-05-26 05:18:19,33,W+R,0,False,False,False,B,-0.85,11.4238,192000
2023-05-26 05:18:29,33,W+R,0,False,False,False,B,-0.85,11.4363,192000
2023-05-26 05:18:38,32,B+R,0,False,False,False,W,-0.85,11.4222,192000
2023-05-26 05:18:58,60,B+R,3,False,False,False,W,-0.85,11.5142,192000
2023-05-26 05:19:08,33,W+R,0,False,False,False,B,-0.85,11.4998,192000
2023-05-26 05:19:19,40,B+R,0,False,False,False,W,-0.85,11.5273,192000
2023-05-26 05:20:54,33,W+R,0,False,False,False,B,-0.85,11.5725,193000
2023-05-26 05:21:03,33,W+R,0,False,False,False,B,-0.85,11.5728,193000
2023-05-26 05:21:13,33,W+R,0,False,False,False,B,-0.85,11.4488,193000
2023-05-26 05:21:23,33,W+R,0,False,False,False,B,-0.85,11.4435,193000
2023-05-26 05:21:33,33,W+R,0,False,False,False,B,-0.85,11.4377,193000
2023-05-26 05:21:43,33,W+R,0,False,False,False,B,-0.85,11.45,193000
2023-05-26 05:21:51,33,W+R,0,False,False,False,B,-0.85,11.3361,193000
2023-05-26 05:22:03,33,W+R,0,False,False,False,B,-0.85,11.3593,193000
2023-05-26 05:22:14,33,W+R,0,False,False,False,B,-0.85,11.382,193000
2023-05-26 05:22:23,33,W+R,0,False,False,False,B,-0.85,11.3722,193000
2023-05-26 05:22:41,57,W+R,0,False,False,False,B,-0.85,11.4734,193000
2023-05-26 05:22:51,33,W+R,0,False,False,False,B,-0.85,11.4634,193000
2023-05-26 05:23:06,58,W+8.5,3,True,True,False,B,-0.85,11.5144,193000
2023-05-26 05:23:15,33,W+R,0,False,False,False,B,-0.85,11.5067,193000
2023-05-26 05:23:26,39,W+R,0,False,False,False,B,-0.85,11.2235,193000
2023-05-26 05:23:37,33,W+R,0,False,False,False,B,-0.85,11.2336,193000
2023-05-26 05:23:56,65,W+R,1,False,False,False,B,-0.85,11.331,193000
2023-05-26 05:24:06,33,W+R,0,False,False,False,B,-0.85,11.3222,193000
2023-05-26 05:24:15,33,W+R,0,False,False,False,B,-0.85,11.303,193000
2023-05-26 05:24:23,33,W+R,0,False,False,False,B,-0.85,11.2827,193000
2023-05-26 05:24:32,33,W+R,0,False,False,False,B,-0.85,11.2793,193000
2023-05-26 05:24:44,36,B+R,0,False,False,False,W,-0.85,11.2981,193000
2023-05-26 05:24:52,33,W+R,0,False,False,False,B,-0.85,11.2646,193000
2023-05-26 05:25:05,61,B+4.5,2,True,True,False,W,-0.85,11.3097,193000
2023-05-26 05:25:22,74,W+0.5,2,True,True,False,B,-0.85,11.2609,193000
2023-05-26 05:25:44,89,W+7.5,12,True,True,False,B,-0.85,11.402,193000
2023-05-26 05:25:54,33,W+R,0,False,False,False,B,-0.85,11.4422,193000
2023-05-26 05:26:05,33,W+R,0,False,False,False,B,-0.85,11.4609,193000
2023-05-26 05:26:15,33,W+R,0,False,False,False,B,-0.85,11.3907,193000
2023-05-26 05:26:24,33,W+R,0,False,False,False,B,-0.85,11.3976,193000
2023-05-26 05:26:34,33,W+R,0,False,False,False,B,-0.85,11.4099,193000
2023-05-26 05:26:44,33,W+R,0,False,False,False,B,-0.85,11.4391,193000
2023-05-26 05:26:53,33,W+R,0,False,False,False,B,-0.85,11.4264,193000
2023-05-26 05:27:02,33,W+R,0,False,False,False,B,-0.85,11.4156,193000
2023-05-26 05:27:12,33,W+R,0,False,False,False,B,-0.85,11.4105,193000
2023-05-26 05:27:25,46,B+1.5,2,True,True,False,W,-0.85,11.4503,193000
2023-05-26 05:27:35,33,W+R,0,False,False,False,B,-0.85,11.4445,193000
2023-05-26 05:27:43,33,W+R,0,False,False,False,B,-0.85,11.4186,193000
2023-05-26 05:27:53,33,W+R,0,False,False,False,B,-0.85,11.418,193000
2023-05-26 05:28:03,41,W+R,0,False,False,False,B,-0.85,11.4109,193000
2023-05-26 05:28:13,33,W+R,0,False,False,False,B,-0.85,11.4175,193000
2023-05-26 05:28:41,93,B+4.5,8,True,True,False,W,-0.85,11.6177,193000
2023-05-26 05:28:52,33,W+R,0,False,False,False,B,-0.85,11.5311,193000
2023-05-26 05:29:01,32,B+R,0,False,False,False,W,-0.85,11.5289,193000
2023-05-26 05:30:40,40,B+R,0,False,False,False,W,-0.85,11.6427,194000
2023-05-26 05:31:00,89,B+8.5,4,True,True,False,W,-0.85,11.744,194000
2023-05-26 05:31:33,105,B+7.5,8,True,True,False,W,-0.85,11.9751,194000
2023-05-26 05:31:42,33,W+R,0,False,False,False,B,-0.85,11.9708,194000
2023-05-26 05:31:52,33,W+R,0,False,False,False,B,-0.85,11.9691,194000
2023-05-26 05:32:02,33,W+R,0,False,False,False,B,-0.85,11.9734,194000
2023-05-26 05:32:14,40,B+R,0,False,False,False,W,-0.85,11.9427,194000
2023-05-26 05:32:24,33,W+R,0,False,False,False,B,-0.85,11.9473,194000
2023-05-26 05:32:34,32,B+R,0,False,False,False,W,-0.85,11.9415,194000
2023-05-26 05:32:43,33,W+R,0,False,False,False,B,-0.85,11.9308,194000
2023-05-26 05:32:53,33,W+R,0,False,False,False,B,-0.85,11.9664,194000
2023-05-26 05:33:04,35,W+R,0,False,False,False,B,-0.85,11.9524,194000
2023-05-26 05:33:22,59,B+1.5,2,False,False,False,,-0.85,12.0185,194000
2023-05-26 05:33:32,33,W+R,0,False,False,False,B,-0.85,12.0109,194000
2023-05-26 05:33:43,33,W+R,0,False,False,False,B,-0.85,11.9609,194000
2023-05-26 05:33:52,33,W+R,0,False,False,False,B,-0.85,11.9478,194000
2023-05-26 05:34:04,45,W+R,0,False,False,False,B,-0.85,11.9349,194000
2023-05-26 05:34:13,33,W+R,0,False,False,False,B,-0.85,11.8208,194000
2023-05-26 05:34:20,32,B+R,0,False,False,False,W,-0.85,11.7751,194000
2023-05-26 05:34:29,33,W+R,0,False,False,False,B,-0.85,11.7576,194000
2023-05-26 05:34:38,33,W+R,0,False,False,False,B,-0.85,11.6274,194000
2023-05-26 05:34:47,33,W+R,0,False,False,False,B,-0.85,11.6211,194000
2023-05-26 05:34:57,33,W+R,0,False,False,False,B,-0.85,11.6251,194000
2023-05-26 05:35:16,65,B+1.5,3,True,False,False,,-0.85,11.7185,194000
2023-05-26 05:35:25,33,W+R,0,False,False,False,B,-0.85,11.7014,194000
2023-05-26 05:35:34,33,W+R,0,False,False,False,B,-0.85,11.7037,194000
2023-05-26 05:35:44,33,W+R,0,False,False,False,B,-0.85,11.7114,194000
2023-05-26 05:35:51,33,W+R,0,False,False,False,B,-0.85,11.6788,194000
2023-05-26 05:36:00,32,B+R,0,False,False,False,W,-0.85,11.6806,194000
2023-05-26 05:36:09,33,W+R,0,False,False,False,B,-0.85,11.6701,194000
2023-05-26 05:36:19,33,W+R,0,False,False,False,B,-0.85,11.5317,194000
2023-05-26 05:36:26,33,W+R,0,False,False,False,B,-0.85,11.3714,194000
2023-05-26 05:36:35,33,W+R,0,False,False,False,B,-0.85,11.3615,194000
2023-05-26 05:36:44,33,W+R,0,False,False,False,B,-0.85,11.3746,194000
2023-05-26 05:36:54,32,B+R,0,False,False,False,W,-0.85,11.374,194000
2023-05-26 05:37:04,35,W+R,0,False,False,False,B,-0.85,11.3844,194000
2023-05-26 05:37:14,33,W+R,0,False,False,False,B,-0.85,11.3509,194000
2023-05-26 05:37:43,111,W+9.5,13,True,True,False,B,-0.85,11.547,194000
2023-05-26 05:37:53,33,W+R,0,False,False,False,B,-0.85,11.4383,194000
2023-05-26 05:38:03,33,W+R,0,False,False,False,B,-0.85,11.456,194000
2023-05-26 05:38:14,33,W+R,0,False,False,False,B,-0.85,11.4377,194000
2023-05-26 05:38:23,33,W+R,0,False,False,False,B,-0.85,11.371,194000
2023-05-26 05:38:33,33,W+R,0,False,False,False,B,-0.85,11.3817,194000
2023-05-26 05:38:43,33,W+R,0,False,False,False,B,-0.85,11.3722,194000
2023-05-26 05:38:52,33,W+R,0,False,False,False,B,-0.85,11.3519,194000
2023-05-26 05:40:15,33,W+R,0,False,False,False,B,-0.85,11.3424,195000
2023-05-26 05:40:25,33,W+R,0,False,False,False,B,-0.85,11.3389,195000
2023-05-26 05:40:35,33,W+R,0,False,False,False,B,-0.85,11.3491,195000
2023-05-26 05:40:52,60,B+R,0,False,False,False,W,-0.85,11.4108,195000
2023-05-26 05:41:03,33,W+R,0,False,False,False,B,-0.85,11.4352,195000
2023-05-26 05:41:31,94,W+2.5,11,True,True,False,B,-0.85,11.5162,195000
2023-05-26 05:41:41,33,W+R,0,False,False,False,B,-0.85,11.5235,195000
2023-05-26 05:41:53,33,W+R,0,False,False,False,B,-0.85,11.5317,195000
2023-05-26 05:42:17,92,W+4.5,11,True,True,False,B,-0.85,11.6383,195000
2023-05-26 05:42:27,33,W+R,0,False,False,False,B,-0.85,11.634,195000
2023-05-26 05:42:37,33,W+R,0,False,False,False,B,-0.85,11.6427,195000
2023-05-26 05:42:54,78,W+0.5,8,True,True,False,B,-0.85,11.7032,195000
2023-05-26 05:43:04,33,W+R,0,False,False,False,B,-0.85,11.71,195000
2023-05-26 05:43:37,162,W+11.5,32,True,True,False,B,-0.85,11.9475,195000
2023-05-26 05:43:45,33,W+R,0,False,False,False,B,-0.85,11.9221,195000
2023-05-26 05:43:56,49,W+R,0,False,False,False,B,-0.85,11.9497,195000
2023-05-26 05:44:17,74,W+1.5,10,True,True,False,B,-0.85,12.0404,195000
2023-05-26 05:44:28,33,W+R,0,False,False,False,B,-0.85,12.0421,195000
2023-05-26 05:44:37,33,W+R,0,False,False,False,B,-0.85,12.0435,195000
2023-05-26 05:44:55,78,W+4.5,10,True,True,False,B,-0.85,12.0489,195000
2023-05-26 05:45:06,33,W+R,0,False,False,False,B,-0.85,12.0553,195000
2023-05-26 05:45:17,33,W+R,0,False,False,False,B,-0.85,12.0098,195000
2023-05-26 05:45:27,33,W+R,0,False,False,False,B,-0.85,12.0237,195000
2023-05-26 05:45:37,33,W+R,0,False,False,False,B,-0.85,12.0123,195000
2023-05-26 05:46:06,83,W+R,1,False,False,False,B,-0.85,12.1833,195000
2023-05-26 05:46:16,32,B+R,0,False,False,False,W,-0.85,12.0991,195000
2023-05-26 05:46:26,33,W+R,0,False,False,False,B,-0.85,12.107,195000
2023-05-26 05:46:35,33,W+R,0,False,False,False,B,-0.85,12.1052,195000
2023-05-26 05:47:08,135,W+0.5,18,True,True,False,B,-0.85,12.3517,195000
2023-05-26 05:47:18,33,W+R,0,False,False,False,B,-0.85,12.3632,195000
2023-05-26 05:47:27,32,B+R,0,False,False,False,W,-0.85,12.3315,195000
2023-05-26 05:47:38,33,W+R,0,False,False,False,B,-0.85,12.3548,195000
2023-05-26 05:47:48,33,W+R,0,False,False,False,B,-0.85,12.3298,195000
2023-05-26 05:47:57,33,W+R,0,False,False,False,B,-0.85,12.2519,195000
2023-05-26 05:48:07,33,W+R,0,False,False,False,B,-0.85,12.1384,195000
2023-05-26 05:48:17,32,B+R,0,False,False,False,W,-0.85,12.1243,195000
2023-05-26 05:48:26,33,W+R,0,False,False,False,B,-0.85,12.1083,195000
2023-05-26 05:48:38,41,W+R,0,False,False,False,B,-0.85,12.1386,195000
2023-05-26 05:48:54,50,B+R,0,False,False,False,W,-0.85,12.195,195000
2023-05-26 05:49:03,33,W+R,0,False,False,False,B,-0.85,12.1888,195000
2023-05-26 05:50:27,33,W+R,0,False,False,False,B,-0.85,12.1491,196000
2023-05-26 05:50:36,33,W+R,0,False,False,False,B,-0.85,12.1459,196000
2023-05-26 05:50:46,33,W+R,0,False,False,False,B,-0.85,12.1407,196000
2023-05-26 05:50:55,33,W+R,0,False,False,False,B,-0.85,12.1089,196000
2023-05-26 05:51:17,90,W+4.5,18,True,True,False,B,-0.85,12.2309,196000
2023-05-26 05:51:29,45,W+R,0,False,False,False,B,-0.85,12.2709,196000
2023-05-26 05:51:39,33,W+R,0,False,False,False,B,-0.85,12.2664,196000
2023-05-26 05:51:56,66,W+2.5,3,True,True,False,B,-0.85,12.3432,196000
2023-05-26 05:52:03,32,B+R,0,False,False,False,W,-0.85,12.312,196000
2023-05-26 05:52:28,100,W+16.5,10,True,True,False,B,-0.85,12.2732,196000
2023-05-26 05:52:38,33,W+R,0,False,False,False,B,-0.85,12.2681,196000
2023-05-26 05:52:46,32,B+R,0,False,False,False,W,-0.85,12.2649,196000
2023-05-26 05:52:58,35,W+R,0,False,False,False,B,-0.85,12.1805,196000
2023-05-26 05:53:25,113,W+10.5,19,True,True,False,B,-0.85,12.3426,196000
2023-05-26 05:53:31,33,W+R,0,False,False,False,B,-0.85,12.2063,196000
2023-05-26 05:53:41,33,W+R,0,False,False,False,B,-0.85,11.9768,196000
2023-05-26 05:53:51,33,W+R,0,False,False,False,B,-0.85,11.9856,196000
2023-05-26 05:54:01,33,W+R,0,False,False,False,B,-0.85,11.9821,196000
2023-05-26 05:54:20,62,W+0.5,5,True,True,False,B,-0.85,12.0638,196000
2023-05-26 05:54:29,33,W+R,0,False,False,False,B,-0.85,12.0443,196000
2023-05-26 05:54:39,33,W+R,0,False,False,False,B,-0.85,12.0467,196000
2023-05-26 05:55:02,101,W+2.5,17,True,True,False,B,-0.85,12.178,196000
2023-05-26 05:55:11,33,W+R,0,False,False,False,B,-0.85,12.1746,196000
2023-05-26 05:55:22,39,W+R,0,False,False,False,B,-0.85,12.1843,196000
2023-05-26 05:55:32,33,W+R,0,False,False,False,B,-0.85,12.1671,196000
2023-05-26 05:55:42,33,W+R,0,False,False,False,B,-0.85,12.0953,196000
2023-05-26 05:55:52,33,W+R,0,False,False,False,B,-0.85,12.0886,196000
2023-05-26 05:56:01,33,W+R,0,False,False,False,B,-0.85,12.0738,196000
2023-05-26 05:56:40,162,W+7.5,48,True,True,False,B,-0.85,12.3697,196000
2023-05-26 05:56:50,33,W+R,0,False,False,False,B,-0.85,12.3576,196000
2023-05-26 05:57:01,33,W+R,0,False,False,False,B,-0.85,12.3672,196000
2023-05-26 05:57:10,32,B+R,0,False,False,False,W,-0.85,12.3949,196000
2023-05-26 05:57:28,60,B+R,0,False,False,False,W,-0.85,12.4832,196000
2023-05-26 05:57:35,33,W+R,0,False,False,False,B,-0.85,12.4675,196000
2023-05-26 05:57:45,33,W+R,0,False,False,False,B,-0.85,12.4708,196000
2023-05-26 05:57:55,33,W+R,0,False,False,False,B,-0.85,12.4667,196000
2023-05-26 05:58:10,49,W+R,0,False,False,False,B,-0.85,12.4306,196000
2023-05-26 05:58:21,33,W+R,0,False,False,False,B,-0.85,12.4524,196000
2023-05-26 05:58:31,32,B+R,0,False,False,False,W,-0.85,12.4666,196000
2023-05-26 05:58:40,33,W+R,0,False,False,False,B,-0.85,12.4573,196000
2023-05-26 05:58:50,33,W+R,0,False,False,False,B,-0.85,12.4874,196000
2023-05-26 06:00:20,33,W+R,0,False,False,False,B,-0.85,12.4835,197000
2023-05-26 06:00:56,137,B+8.5,22,True,True,False,W,-0.85,12.7457,197000
2023-05-26 06:01:23,104,W+15.5,12,True,True,False,B,-0.85,12.9444,197000
2023-05-26 06:01:33,33,W+R,0,False,False,False,B,-0.85,12.9577,197000
2023-05-26 06:01:42,33,W+R,0,False,False,False,B,-0.85,12.9521,197000
2023-05-26 06:01:52,32,B+R,0,False,False,False,W,-0.85,12.9566,197000
2023-05-26 06:02:02,33,W+R,0,False,False,False,B,-0.85,12.9576,197000
2023-05-26 06:02:12,33,W+R,0,False,False,False,B,-0.85,12.9589,197000
2023-05-26 06:02:29,86,W+2.5,11,True,True,False,B,-0.85,12.8358,197000
2023-05-26 06:02:36,33,W+R,0,False,False,False,B,-0.85,12.811,197000
2023-05-26 06:02:43,33,W+R,0,False,False,False,B,-0.85,12.7691,197000
2023-05-26 06:02:52,33,W+R,0,False,False,False,B,-0.85,12.7607,197000
2023-05-26 06:03:00,33,W+R,0,False,False,False,B,-0.85,12.7506,197000
2023-05-26 06:03:07,33,W+R,0,False,False,False,B,-0.85,12.7084,197000
2023-05-26 06:03:14,33,W+R,0,False,False,False,B,-0.85,12.6913,197000
2023-05-26 06:03:24,33,W+R,0,False,False,False,B,-0.85,12.7035,197000
2023-05-26 06:03:35,33,W+R,1,False,False,False,B,-0.85,12.6942,197000
2023-05-26 06:03:44,33,W+R,0,False,False,False,B,-0.85,12.6846,197000
2023-05-26 06:03:54,33,W+R,0,False,False,False,B,-0.85,12.6831,197000
2023-05-26 06:04:09,50,B+R,0,False,False,False,W,-0.85,12.7359,197000
2023-05-26 06:04:19,33,W+R,0,False,False,False,B,-0.85,12.6696,197000
2023-05-26 06:04:29,33,W+R,0,False,False,False,B,-0.85,12.6551,197000
2023-05-26 06:04:40,41,W+R,0,False,False,False,B,-0.85,12.4834,197000
2023-05-26 06:04:51,33,W+R,0,False,False,False,B,-0.85,12.4873,197000
2023-05-26 06:05:00,33,W+R,0,False,False,False,B,-0.85,12.4601,197000
2023-05-26 06:05:11,33,W+R,0,False,False,False,B,-0.85,12.331,197000
2023-05-26 06:05:20,33,W+R,0,False,False,False,B,-0.85,12.3174,197000
2023-05-26 06:05:28,33,W+R,0,False,False,False,B,-0.85,12.2973,197000
2023-05-26 06:05:37,33,W+R,0,False,False,False,B,-0.85,12.2263,197000
2023-05-26 06:05:47,33,W+R,0,False,False,False,B,-0.85,12.227,197000
2023-05-26 06:05:57,33,W+R,0,False,False,False,B,-0.85,11.9909,197000
2023-05-26 06:06:06,32,B+R,0,False,False,False,W,-0.85,12.0052,197000
2023-05-26 06:06:17,32,B+R,0,False,False,False,W,-0.85,11.9941,197000
2023-05-26 06:06:27,33,W+R,0,False,False,False,B,-0.85,11.8911,197000
2023-05-26 06:06:37,33,W+R,0,False,False,False,B,-0.85,11.8803,197000
2023-05-26 06:06:51,44,B+R,0,False,False,False,W,-0.85,11.9287,197000
2023-05-26 06:07:02,33,W+R,0,False,False,False,B,-0.85,11.8526,197000
2023-05-26 06:07:11,33,W+R,0,False,False,False,B,-0.85,11.841,197000
2023-05-26 06:07:21,33,W+R,0,False,False,False,B,-0.85,11.8332,197000
2023-05-26 06:08:04,162,W+4.5,37,True,True,False,B,-0.85,12.162,197000
2023-05-26 06:08:15,33,W+R,0,False,False,False,B,-0.85,12.1668,197000
2023-05-26 06:08:26,37,W+R,0,False,False,False,B,-0.85,11.9952,197000
2023-05-26 06:08:43,65,W+R,0,False,False,False,B,-0.85,12.0632,197000
2023-05-26 06:10:39,135,B+11.5,28,True,True,False,W,-0.85,12.3194,198000
2023-05-26 06:10:48,33,W+R,0,False,False,False,B,-0.85,12.083,198000
2023-05-26 06:10:56,32,B+R,0,False,False,False,W,-0.85,12.0701,198000
2023-05-26 06:11:04,33,W+R,0,False,False,False,B,-0.85,12.0608,198000
2023-05-26 06:11:13,33,W+R,0,False,False,False,B,-0.85,12.0371,198000
2023-05-26 06:11:22,33,W+R,0,False,False,False,B,-0.85,12.0289,198000
2023-05-26 06:11:31,33,W+R,0,False,False,False,B,-0.85,12.0204,198000
2023-05-26 06:11:42,32,B+R,0,False,False,False,W,-0.85,12.0349,198000
2023-05-26 06:11:53,33,W+R,0,False,False,False,B,-0.85,12.0493,198000
2023-05-26 06:12:03,33,W+R,0,False,False,False,B,-0.85,12.0552,198000
2023-05-26 06:12:13,33,W+R,0,False,False,False,B,-0.85,12.0336,198000
2023-05-26 06:12:23,33,W+R,0,False,False,False,B,-0.85,11.9765,198000
2023-05-26 06:12:32,33,W+R,0,False,False,False,B,-0.85,11.9776,198000
2023-05-26 06:12:41,33,W+R,0,False,False,False,B,-0.85,11.9854,198000
2023-05-26 06:12:52,41,W+R,0,False,False,False,B,-0.85,12.0249,198000
2023-05-26 06:12:59,33,W+R,0,False,False,False,B,-0.85,12.0107,198000
2023-05-26 06:13:09,33,W+R,0,False,False,False,B,-0.85,12.0081,198000
2023-05-26 06:13:19,33,W+R,0,False,False,False,B,-0.85,12.022,198000
2023-05-26 06:13:28,33,W+R,0,False,False,False,B,-0.85,11.8919,198000
2023-05-26 06:13:38,33,W+R,0,False,False,False,B,-0.85,11.8686,198000
2023-05-26 06:13:48,33,W+R,0,False,False,False,B,-0.85,11.8708,198000
2023-05-26 06:13:58,33,W+R,0,False,False,False,B,-0.85,11.8015,198000
2023-05-26 06:14:09,33,W+R,0,False,False,False,B,-0.85,11.8354,198000
2023-05-26 06:14:18,33,W+R,0,False,False,False,B,-0.85,11.6778,198000
2023-05-26 06:14:26,32,B+R,0,False,False,False,W,-0.85,11.6653,198000
2023-05-26 06:14:35,33,W+R,0,False,False,False,B,-0.85,11.6641,198000
2023-05-26 06:14:43,33,W+R,0,False,False,False,B,-0.85,11.6327,198000
2023-05-26 06:14:52,33,W+R,0,False,False,False,B,-0.85,11.4467,198000
2023-05-26 06:15:02,33,W+R,0,False,False,False,B,-0.85,11.4897,198000
2023-05-26 06:15:12,33,W+R,0,False,False,False,B,-0.85,11.4845,198000
2023-05-26 06:15:47,162,W+12.5,42,True,True,False,B,-0.85,11.7363,198000
2023-05-26 06:15:57,33,W+R,0,False,False,False,B,-0.85,11.7382,198000
2023-05-26 06:16:07,33,W+R,0,False,False,False,B,-0.85,11.6568,198000
2023-05-26 06:16:15,33,W+R,0,False,False,False,B,-0.85,11.6457,198000
2023-05-26 06:16:22,33,W+R,0,False,False,False,B,-0.85,11.6045,198000
2023-05-26 06:16:29,33,W+R,0,False,False,False,B,-0.85,11.4399,198000
2023-05-26 06:16:37,37,W+R,0,False,False,False,B,-0.85,11.4456,198000
2023-05-26 06:16:52,43,W+R,0,False,False,False,B,-0.85,11.4784,198000
2023-05-26 06:17:01,33,W+R,0,False,False,False,B,-0.85,11.4732,198000
2023-05-26 06:17:10,33,W+R,0,False,False,False,B,-0.85,11.4608,198000
2023-05-26 06:17:20,33,W+R,0,False,False,False,B,-0.85,11.4671,198000
2023-05-26 06:17:30,33,W+R,0,False,False,False,B,-0.85,11.4698,198000
2023-05-26 06:17:40,33,W+R,0,False,False,False,B,-0.85,11.1847,198000
2023-05-26 06:18:08,78,B+R,4,False,False,False,W,-0.85,11.3488,198000
2023-05-26 06:18:20,41,W+R,0,False,False,False,B,-0.85,11.3684,198000
2023-05-26 06:18:27,33,W+R,0,False,False,False,B,-0.85,11.3436,198000
2023-05-26 06:18:37,33,W+R,0,False,False,False,B,-0.85,11.2659,198000
2023-05-26 06:20:05,33,W+R,0,False,False,False,B,-0.85,11.3037,199000
2023-05-26 06:20:15,33,W+R,0,False,False,False,B,-0.85,11.3119,199000
2023-05-26 06:20:25,33,W+R,0,False,False,False,B,-0.85,11.2582,199000
2023-05-26 06:20:35,33,W+R,0,False,False,False,B,-0.85,11.2508,199000
2023-05-26 06:20:44,33,W+R,0,False,False,False,B,-0.85,11.2298,199000
2023-05-26 06:20:53,33,W+R,0,False,False,False,B,-0.85,11.2355,199000
2023-05-26 06:21:09,47,W+R,0,False,False,False,B,-0.85,11.2888,199000
2023-05-26 06:21:40,134,W+0.5,27,True,True,False,B,-0.85,11.5205,199000
2023-05-26 06:21:49,33,W+R,0,False,False,False,B,-0.85,11.5169,199000
2023-05-26 06:21:58,37,W+R,0,False,False,False,B,-0.85,11.2476,199000
2023-05-26 06:22:08,33,W+R,0,False,False,False,B,-0.85,11.0699,199000
2023-05-26 06:22:18,33,W+R,0,False,False,False,B,-0.85,11.0768,199000
2023-05-26 06:22:28,33,W+R,0,False,False,False,B,-0.85,11.0851,199000
2023-05-26 06:22:38,33,W+R,0,False,False,False,B,-0.85,11.0902,199000
2023-05-26 06:22:49,33,W+R,0,False,False,False,B,-0.85,11.0935,199000
2023-05-26 06:22:59,33,W+R,0,False,False,False,B,-0.85,11.0894,199000
2023-05-26 06:23:08,33,W+R,0,False,False,False,B,-0.85,11.0074,199000
2023-05-26 06:23:16,33,W+R,0,False,False,False,B,-0.85,11.0247,199000
2023-05-26 06:23:26,33,W+R,0,False,False,False,B,-0.85,11.0579,199000
2023-05-26 06:23:36,33,W+R,0,False,False,False,B,-0.85,11.0604,199000
2023-05-26 06:23:45,33,W+R,0,False,False,False,B,-0.85,11.073,199000
2023-05-26 06:24:02,64,W+12.5,5,True,True,False,B,-0.85,11.1731,199000
2023-05-26 06:24:11,33,W+R,0,False,False,False,B,-0.85,11.1903,199000
2023-05-26 06:24:21,33,W+R,0,False,False,False,B,-0.85,11.1928,199000
2023-05-26 06:24:47,87,W+R,5,False,False,False,B,-0.85,11.3507,199000
2023-05-26 06:24:57,33,W+R,0,False,False,False,B,-0.85,11.3505,199000
2023-05-26 06:25:30,95,W+R,7,False,False,False,B,-0.85,11.5841,199000
2023-05-26 06:25:41,33,W+R,0,False,False,False,B,-0.85,11.5395,199000
2023-05-26 06:25:52,33,W+R,0,False,False,False,B,-0.85,11.5453,199000
2023-05-26 06:26:03,33,W+R,0,False,False,False,B,-0.85,11.5581,199000
2023-05-26 06:26:24,64,B+R,0,False,False,False,W,-0.85,11.6649,199000
2023-05-26 06:26:32,33,W+R,0,False,False,False,B,-0.85,11.6353,199000
2023-05-26 06:26:39,33,W+R,0,False,False,False,B,-0.85,11.6138,199000
2023-05-26 06:26:48,33,W+R,0,False,False,False,B,-0.85,11.5959,199000
2023-05-26 06:26:59,33,W+R,0,False,False,False,B,-0.85,11.6113,199000
2023-05-26 06:27:05,32,B+R,0,False,False,False,W,-0.85,11.596,199000
2023-05-26 06:27:14,41,W+R,2,False,False,False,B,-0.85,11.5914,199000
2023-05-26 06:27:21,33,W+R,0,False,False,False,B,-0.85,11.5633,199000
2023-05-26 06:27:29,33,W+R,0,False,False,False,B,-0.85,11.5393,199000
2023-05-26 06:27:40,50,W+10.5,2,True,True,False,B,-0.85,11.5627,199000
2023-05-26 06:27:51,33,W+R,0,False,False,False,B,-0.85,11.5669,199000
2023-05-26 06:28:02,33,W+R,0,False,False,False,B,-0.85,11.5683,199000
2023-05-26 06:28:12,33,W+R,0,False,False,False,B,-0.85,11.5766,199000
2023-05-26 06:28:30,65,W+R,0,False,False,False,B,-0.85,11.608,199000
2023-05-26 06:29:54,33,W+R,0,False,False,False,B,-0.85,11.5814,200000
2023-05-26 06:30:04,33,W+R,0,False,False,False,B,-0.85,11.5876,200000
2023-05-26 06:30:17,36,B+R,0,False,False,False,W,-0.85,11.2746,200000
2023-05-26 06:30:27,33,W+R,0,False,False,False,B,-0.85,11.2804,200000
2023-05-26 06:30:38,33,W+R,0,False,False,False,B,-0.85,11.2697,200000
2023-05-26 06:30:59,66,B+R,0,False,False,False,W,-0.85,11.3038,200000
2023-05-26 06:31:08,32,B+R,0,False,False,False,W,-0.85,11.2946,200000
2023-05-26 06:31:18,32,B+R,0,False,False,False,W,-0.85,11.0467,200000
2023-05-26 06:31:28,33,W+R,0,False,False,False,B,-0.85,11.0629,200000
2023-05-26 06:31:38,33,W+R,0,False,False,False,B,-0.85,11.071,200000
2023-05-26 06:31:48,33,W+R,0,False,False,False,B,-0.85,11.091,200000
2023-05-26 06:31:57,32,B+R,0,False,False,False,W,-0.85,11.1017,200000
2023-05-26 06:32:17,105,W+1.5,17,True,True,False,B,-0.85,11.2036,200000
2023-05-26 06:32:28,41,W+R,0,False,False,False,B,-0.85,11.2281,200000
2023-05-26 06:32:38,33,W+R,0,False,False,False,B,-0.85,11.2138,200000
2023-05-26 06:32:48,33,W+R,0,False,False,False,B,-0.85,11.2052,200000
2023-05-26 06:32:58,33,W+R,0,False,False,False,B,-0.85,11.212,200000
2023-05-26 06:33:07,33,W+R,0,False,False,False,B,-0.85,11.1977,200000
2023-05-26 06:33:17,33,W+R,0,False,False,False,B,-0.85,11.2032,200000
2023-05-26 06:33:27,33,W+R,0,False,False,False,B,-0.85,11.2034,200000
2023-05-26 06:33:36,33,W+R,0,False,False,False,B,-0.85,11.2076,200000
2023-05-26 06:33:46,33,W+R,0,False,False,False,B,-0.85,11.1963,200000
2023-05-26 06:33:55,33,W+R,0,False,False,False,B,-0.85,11.2141,200000
2023-05-26 06:34:02,32,B+R,0,False,False,False,W,-0.85,11.1896,200000
2023-05-26 06:34:11,33,W+R,0,False,False,False,B,-0.85,11.1772,200000
2023-05-26 06:34:21,33,W+R,0,False,False,False,B,-0.85,11.1875,200000
2023-05-26 06:34:34,39,W+R,0,False,False,False,B,-0.85,11.2133,200000
2023-05-26 06:34:50,62,W+2.5,3,True,True,False,B,-0.85,11.2738,200000
2023-05-26 06:35:00,33,W+R,0,False,False,False,B,-0.85,11.275,200000
2023-05-26 06:35:11,33,W+R,0,False,False,False,B,-0.85,11.2788,200000
2023-05-26 06:35:25,40,B+R,0,False,False,False,W,-0.85,11.3261,200000
2023-05-26 06:35:35,34,B+R,0,False,False,False,W,-0.85,11.3436,200000
2023-05-26 06:35:44,33,W+R,0,False,False,False,B,-0.85,11.3496,200000
2023-05-26 06:35:54,33,W+R,0,False,False,False,B,-0.85,11.3687,200000
2023-05-26 06:36:06,35,W+R,0,False,False,False,B,-0.85,11.3976,200000
2023-05-26 06:36:30,110,W+3.5,22,True,True,False,B,-0.85,11.5306,200000
2023-05-26 06:36:40,33,W+R,0,False,False,False,B,-0.85,11.5421,200000
2023-05-26 06:36:51,33,W+R,1,False,False,False,B,-0.85,11.2977,200000
2023-05-26 06:37:01,35,W+R,0,False,False,False,B,-0.85,11.3027,200000
2023-05-26 06:37:12,33,W+R,0,False,False,False,B,-0.85,11.2992,200000
2023-05-26 06:37:22,33,W+R,0,False,False,False,B,-0.85,11.3187,200000
2023-05-26 06:37:31,32,B+R,0,False,False,False,W,-0.85,11.3542,200000
2023-05-26 06:37:45,44,B+R,0,False,False,False,W,-0.85,11.4174,200000
2023-05-26 06:37:55,33,W+R,0,False,False,False,B,-0.85,11.4338,200000
2023-05-26 06:38:04,33,W+R,0,False,False,False,B,-0.85,11.3763,200000
2023-05-26 06:38:13,33,W+R,0,False,False,False,B,-0.85,11.3747,200000
2023-05-26 06:38:23,33,W+R,0,False,False,False,B,-0.85,11.3878,200000
2023-05-26 06:40:05,84,W+2.5,10,True,True,False,B,-0.85,11.4985,201000
2023-05-26 06:40:15,33,W+R,0,False,False,False,B,-0.85,11.4962,201000
2023-05-26 06:40:24,33,W+R,0,False,False,False,B,-0.85,11.3136,201000
2023-05-26 06:40:34,33,W+R,0,False,False,False,B,-0.85,11.2932,201000
2023-05-26 06:40:44,41,W+R,0,False,False,False,B,-0.85,11.3257,201000
2023-05-26 06:40:53,33,W+R,0,False,False,False,B,-0.85,11.316,201000
2023-05-26 06:41:04,33,W+R,0,False,False,False,B,-0.85,11.3229,201000
2023-05-26 06:41:15,33,W+R,0,False,False,False,B,-0.85,11.3236,201000
2023-05-26 06:41:25,33,W+R,0,False,False,False,B,-0.85,11.3202,201000
2023-05-26 06:41:33,33,W+R,0,False,False,False,B,-0.85,11.3058,201000
2023-05-26 06:41:48,49,W+R,0,False,False,False,B,-0.85,11.3552,201000
2023-05-26 06:41:55,33,W+R,0,False,False,False,B,-0.85,11.34,201000
2023-05-26 06:42:03,33,W+R,1,False,False,False,B,-0.85,11.3198,201000
2023-05-26 06:42:11,32,B+R,0,False,False,False,W,-0.85,11.2485,201000
2023-05-26 06:42:24,48,W+4.5,3,True,True,False,B,-0.85,11.0669,201000
2023-05-26 06:42:34,33,W+R,0,False,False,False,B,-0.85,11.0703,201000
2023-05-26 06:42:43,33,W+R,0,False,False,False,B,-0.85,11.0793,201000
2023-05-26 06:42:53,33,W+R,0,False,False,False,B,-0.85,11.0797,201000
2023-05-26 06:43:04,33,W+R,0,False,False,False,B,-0.85,11.0787,201000
2023-05-26 06:43:12,32,B+R,0,False,False,False,W,-0.85,11.0687,201000
2023-05-26 06:43:23,33,W+R,1,False,False,False,B,-0.85,11.0676,201000
2023-05-26 06:43:32,33,W+R,0,False,False,False,B,-0.85,11.0563,201000
2023-05-26 06:43:43,33,W+R,0,False,False,False,B,-0.85,11.0658,201000
2023-05-26 06:43:53,33,W+R,0,False,False,False,B,-0.85,11.074,201000
2023-05-26 06:44:01,33,W+R,0,False,False,False,B,-0.85,11.0684,201000
2023-05-26 06:44:09,33,W+R,0,False,False,False,B,-0.85,11.0517,201000
2023-05-26 06:44:21,78,W+8.5,9,True,True,False,B,-0.85,11.0778,201000
2023-05-26 06:44:28,33,W+R,0,False,False,False,B,-0.85,11.0536,201000
2023-05-26 06:44:38,33,W+R,0,False,False,False,B,-0.85,10.9873,201000
2023-05-26 06:44:49,33,W+R,0,False,False,False,B,-0.85,11.0037,201000
2023-05-26 06:44:59,32,B+R,0,False,False,False,W,-0.85,10.9971,201000
2023-05-26 06:45:09,32,B+R,0,False,False,False,W,-0.85,10.8387,201000
2023-05-26 06:45:34,126,W+12.5,21,True,True,False,B,-0.85,10.9952,201000
2023-05-26 06:45:49,79,W+1.5,6,True,True,False,B,-0.85,10.8173,201000
2023-05-26 06:46:00,33,W+R,0,False,False,False,B,-0.85,10.8104,201000
2023-05-26 06:46:10,33,W+R,0,False,False,False,B,-0.85,10.8098,201000
2023-05-26 06:46:21,33,W+R,1,False,False,False,B,-0.85,10.8022,201000
2023-05-26 06:46:30,33,W+R,0,False,False,False,B,-0.85,10.6836,201000
2023-05-26 06:46:40,33,W+R,0,False,False,False,B,-0.85,10.7001,201000
2023-05-26 06:46:49,33,W+R,0,False,False,False,B,-0.85,10.7223,201000
2023-05-26 06:46:59,33,W+R,0,False,False,False,B,-0.85,10.7335,201000
2023-05-26 06:47:08,33,W+R,0,False,False,False,B,-0.85,10.721,201000
2023-05-26 06:47:18,33,W+R,0,False,False,False,B,-0.85,10.7471,201000
2023-05-26 06:47:41,73,W+R,5,False,False,False,B,-0.85,10.8918,201000
2023-05-26 06:47:51,33,W+R,0,False,False,False,B,-0.85,10.9174,201000
2023-05-26 06:48:03,45,W+R,0,False,False,False,B,-0.85,10.9675,201000
2023-05-26 06:49:29,33,W+R,0,False,False,False,B,-0.85,10.9184,202000
2023-05-26 06:49:38,33,W+R,0,False,False,False,B,-0.85,10.9057,202000
2023-05-26 06:49:49,33,W+R,0,False,False,False,B,-0.85,10.9076,202000
2023-05-26 06:50:00,38,B+R,0,False,False,False,W,-0.85,10.8457,202000
2023-05-26 06:50:08,33,W+R,0,False,False,False,B,-0.85,10.8584,202000
2023-05-26 06:50:17,33,W+R,0,False,False,False,B,-0.85,10.8446,202000
2023-05-26 06:50:31,65,W+3.5,7,True,True,False,B,-0.85,10.8777,202000
2023-05-26 06:50:47,50,B+R,0,False,False,False,W,-0.85,10.9163,202000
2023-05-26 06:50:59,39,W+R,0,False,False,False,B,-0.85,10.9191,202000
2023-05-26 06:51:17,58,B+R,0,False,False,False,W,-0.85,10.9995,202000
2023-05-26 06:51:27,33,W+R,0,False,False,False,B,-0.85,10.8967,202000
2023-05-26 06:51:35,33,W+R,0,False,False,False,B,-0.85,10.8774,202000
2023-05-26 06:51:51,60,B+R,0,False,False,False,W,-0.85,10.9431,202000
2023-05-26 06:52:00,33,W+R,0,False,False,False,B,-0.85,10.9316,202000
2023-05-26 06:52:14,45,W+R,0,False,False,False,B,-0.85,10.9676,202000
2023-05-26 06:52:35,67,W+R,0,False,False,False,B,-0.85,11.0849,202000
2023-05-26 06:52:45,33,W+R,0,False,False,False,B,-0.85,11.0878,202000
2023-05-26 06:52:54,32,B+R,0,False,False,False,W,-0.85,10.9829,202000
2023-05-26 06:53:05,33,W+R,0,False,False,False,B,-0.85,10.9782,202000
2023-05-26 06:53:20,56,B+R,0,False,False,False,W,-0.85,11.0263,202000
2023-05-26 06:53:30,33,W+R,0,False,False,False,B,-0.85,11.0298,202000
2023-05-26 06:53:38,33,W+R,0,False,False,False,B,-0.85,11.0108,202000
2023-05-26 06:53:48,33,W+R,0,False,False,False,B,-0.85,11.0191,202000
2023-05-26 06:53:57,33,W+R,0,False,False,False,B,-0.85,11.0089,202000
2023-05-26 06:54:08,33,W+R,0,False,False,False,B,-0.85,11.0188,202000
2023-05-26 06:54:29,84,W+5.5,3,True,True,False,B,-0.85,11.1436,202000
2023-05-26 06:54:58,94,B+9.5,12,True,True,False,W,-0.85,11.3341,202000
2023-05-26 06:55:09,33,W+R,0,False,False,False,B,-0.85,11.3439,202000
2023-05-26 06:55:20,33,W+R,0,False,False,False,B,-0.85,11.3854,202000
2023-05-26 06:55:30,33,W+R,0,False,False,False,B,-0.85,11.392,202000
2023-05-26 06:55:40,33,W+R,0,False,False,False,B,-0.85,11.394,202000
2023-05-26 06:56:05,97,W+6.5,10,True,True,False,B,-0.85,11.5258,202000
2023-05-26 06:56:16,33,W+R,0,False,False,False,B,-0.85,11.4689,202000
2023-05-26 06:56:26,33,W+R,0,False,False,False,B,-0.85,11.4633,202000
2023-05-26 06:56:37,33,W+R,0,False,False,False,B,-0.85,11.4677,202000
2023-05-26 06:56:46,33,W+R,0,False,False,False,B,-0.85,11.4255,202000
2023-05-26 06:57:14,102,W+8.5,7,True,True,False,B,-0.85,11.6003,202000
2023-05-26 06:57:24,33,W+R,0,False,False,False,B,-0.85,11.6065,202000
2023-05-26 06:57:33,33,W+R,0,False,False,False,B,-0.85,11.5965,202000
2023-05-26 06:59:15,60,B+R,0,False,False,False,W,-0.85,11.546,203000
2023-05-26 06:59:26,33,W+R,0,False,False,False,B,-0.85,11.5448,203000
2023-05-26 06:59:36,33,W+R,0,False,False,False,B,-0.85,11.5394,203000
2023-05-26 06:59:46,33,W+R,0,False,False,False,B,-0.85,11.5352,203000
2023-05-26 06:59:55,33,W+R,0,False,False,False,B,-0.85,11.5247,203000
2023-05-26 07:00:04,33,W+R,0,False,False,False,B,-0.85,11.5117,203000
2023-05-26 07:00:21,62,B+R,0,False,False,False,W,-0.85,11.5857,203000
2023-05-26 07:00:33,48,W+11.5,3,True,True,False,B,-0.85,11.5712,203000
2023-05-26 07:00:42,33,W+R,0,False,False,False,B,-0.85,11.5569,203000
2023-05-26 07:00:49,33,W+R,0,False,False,False,B,-0.85,11.5456,203000
2023-05-26 07:00:55,33,W+R,0,False,False,False,B,-0.85,11.5172,203000
2023-05-26 07:01:05,33,W+R,0,False,False,False,B,-0.85,11.5125,203000
2023-05-26 07:01:15,33,W+R,0,False,False,False,B,-0.85,11.5111,203000
2023-05-26 07:01:27,41,W+R,0,False,False,False,B,-0.85,11.4216,203000
2023-05-26 07:01:38,33,W+R,0,False,False,False,B,-0.85,11.431,203000
2023-05-26 07:01:48,33,W+R,0,False,False,False,B,-0.85,11.4432,203000
2023-05-26 07:01:57,33,W+R,0,False,False,False,B,-0.85,11.4295,203000
2023-05-26 07:02:08,33,W+R,0,False,False,False,B,-0.85,11.434,203000
2023-05-26 07:02:17,33,W+R,0,False,False,False,B,-0.85,11.4325,203000
2023-05-26 07:02:27,33,W+R,0,False,False,False,B,-0.85,11.4219,203000
2023-05-26 07:02:34,33,W+R,0,False,False,False,B,-0.85,11.3844,203000
2023-05-26 07:02:43,49,W+R,0,False,False,False,B,-0.85,11.3757,203000
2023-05-26 07:02:50,33,W+R,0,False,False,False,B,-0.85,11.365,203000
2023-05-26 07:03:18,162,W+13.5,36,True,True,False,B,-0.85,11.4914,203000
2023-05-26 07:03:27,33,W+R,0,False,False,False,B,-0.85,11.5112,203000
2023-05-26 07:03:36,33,W+R,0,False,False,False,B,-0.85,11.5316,203000
2023-05-26 07:03:47,33,W+R,0,False,False,False,B,-0.85,11.558,203000
2023-05-26 07:03:58,33,W+R,0,False,False,False,B,-0.85,11.5374,203000
2023-05-26 07:04:08,33,W+R,0,False,False,False,B,-0.85,11.5341,203000
2023-05-26 07:04:17,33,W+R,0,False,False,False,B,-0.85,11.5323,203000
2023-05-26 07:04:28,33,W+R,0,False,False,False,B,-0.85,11.5441,203000
2023-05-26 07:04:38,33,W+R,1,False,False,False,B,-0.85,11.5453,203000
2023-05-26 07:04:48,33,W+R,0,False,False,False,B,-0.85,11.5523,203000
2023-05-26 07:04:58,33,W+R,0,False,False,False,B,-0.85,11.5483,203000
2023-05-26 07:05:08,32,B+R,0,False,False,False,W,-0.85,11.5553,203000
2023-05-26 07:05:19,33,W+R,0,False,False,False,B,-0.85,11.5578,203000
2023-05-26 07:05:29,33,W+R,0,False,False,False,B,-0.85,11.5534,203000
2023-05-26 07:05:43,54,B+R,0,False,False,False,W,-0.85,11.6218,203000
2023-05-26 07:05:52,33,W+R,0,False,False,False,B,-0.85,11.6305,203000
2023-05-26 07:06:01,33,W+R,0,False,False,False,B,-0.85,11.5948,203000
2023-05-26 07:06:12,33,W+R,0,False,False,False,B,-0.85,11.6291,203000
2023-05-26 07:06:22,33,W+R,0,False,False,False,B,-0.85,11.6388,203000
2023-05-26 07:06:32,33,W+R,0,False,False,False,B,-0.85,11.6271,203000
2023-05-26 07:07:13,162,W+22.5,36,True,True,False,B,-0.85,11.9352,203000
2023-05-26 07:08:56,102,W+13.5,9,True,True,False,B,-0.85,11.9042,204000
2023-05-26 07:09:05,33,W+R,0,False,False,False,B,-0.85,11.8448,204000
2023-05-26 07:09:15,32,B+R,0,False,False,False,W,-0.85,11.8368,204000
2023-05-26 07:09:23,33,W+R,0,False,False,False,B,-0.85,11.8157,204000
2023-05-26 07:09:34,33,W+R,0,False,False,False,B,-0.85,11.8213,204000
2023-05-26 07:09:43,33,W+R,0,False,False,False,B,-0.85,11.8134,204000
2023-05-26 07:09:53,33,W+R,0,False,False,False,B,-0.85,11.8208,204000
2023-05-26 07:10:02,33,W+R,0,False,False,False,B,-0.85,11.8201,204000
2023-05-26 07:10:25,87,W+0.5,17,True,True,False,B,-0.85,11.9464,204000
2023-05-26 07:10:35,33,W+R,0,False,False,False,B,-0.85,11.9498,204000
2023-05-26 07:10:43,33,W+R,0,False,False,False,B,-0.85,11.9455,204000
2023-05-26 07:10:53,33,W+R,0,False,False,False,B,-0.85,11.8081,204000
2023-05-26 07:11:00,33,W+R,0,False,False,False,B,-0.85,11.7788,204000
2023-05-26 07:11:12,43,W+R,0,False,False,False,B,-0.85,11.7788,204000
2023-05-26 07:11:23,33,W+R,0,False,False,False,B,-0.85,11.8094,204000
2023-05-26 07:11:31,34,B+R,0,False,False,False,W,-0.85,11.791,204000
2023-05-26 07:11:39,33,W+R,0,False,False,False,B,-0.85,11.7786,204000
2023-05-26 07:11:46,32,B+R,0,False,False,False,W,-0.85,11.7357,204000
2023-05-26 07:11:55,33,W+R,0,False,False,False,B,-0.85,11.7196,204000
2023-05-26 07:12:05,33,W+R,0,False,False,False,B,-0.85,11.7365,204000
2023-05-26 07:12:16,44,W+7.5,4,True,True,False,B,-0.85,11.7615,204000
2023-05-26 07:12:26,33,W+R,0,False,False,False,B,-0.85,11.7232,204000
2023-05-26 07:12:37,33,W+R,0,False,False,False,B,-0.85,11.667,204000
2023-05-26 07:12:46,33,W+R,0,False,False,False,B,-0.85,11.652,204000
2023-05-26 07:12:57,33,W+R,0,False,False,False,B,-0.85,11.5717,204000
2023-05-26 07:13:07,33,W+R,0,False,False,False,B,-0.85,11.5678,204000
2023-05-26 07:13:18,33,W+R,0,False,False,False,B,-0.85,11.5975,204000
2023-05-26 07:13:44,108,W+7.5,19,True,True,False,B,-0.85,11.7044,204000
2023-05-26 07:14:03,73,W+10.5,5,True,True,False,B,-0.85,11.7994,204000
2023-05-26 07:14:13,33,W+R,0,False,False,False,B,-0.85,11.7687,204000
2023-05-26 07:14:29,58,W+1.5,3,True,True,False,B,-0.85,11.7088,204000
2023-05-26 07:14:39,33,W+R,0,False,False,False,B,-0.85,11.7121,204000
2023-05-26 07:14:57,70,W+7.5,4,True,True,False,B,-0.85,11.8016,204000
2023-05-26 07:15:08,43,W+R,0,False,False,False,B,-0.85,11.8055,204000
2023-05-26 07:15:18,33,W+R,0,False,False,False,B,-0.85,11.7524,204000
2023-05-26 07:15:28,33,W+R,0,False,False,False,B,-0.85,11.7514,204000
2023-05-26 07:15:37,33,W+R,0,False,False,False,B,-0.85,11.7629,204000
2023-05-26 07:15:47,33,W+R,0,False,False,False,B,-0.85,11.7551,204000
2023-05-26 07:15:59,35,W+R,0,False,False,False,B,-0.85,11.7872,204000
2023-05-26 07:16:10,33,W+R,0,False,False,False,B,-0.85,11.7929,204000
2023-05-26 07:16:26,51,W+R,0,False,False,False,B,-0.85,11.7401,204000
2023-05-26 07:16:36,33,W+R,0,False,False,False,B,-0.85,11.5459,204000
2023-05-26 07:16:46,33,W+R,0,False,False,False,B,-0.85,11.5494,204000
2023-05-26 07:16:56,33,W+R,0,False,False,False,B,-0.85,11.5382,204000
2023-05-26 07:18:20,33,W+R,0,False,False,False,B,-0.85,11.5017,205000
2023-05-26 07:18:57,131,W+10.5,23,True,True,False,B,-0.85,11.6149,205000
2023-05-26 07:19:14,59,W+R,1,False,False,False,B,-0.85,11.6835,205000
2023-05-26 07:19:24,33,W+R,0,False,False,False,B,-0.85,11.6793,205000
2023-05-26 07:19:36,41,W+R,0,False,False,False,B,-0.85,11.6947,205000
2023-05-26 07:19:45,32,B+R,0,False,False,False,W,-0.85,11.6862,205000
2023-05-26 07:19:53,33,W+R,0,False,False,False,B,-0.85,11.4862,205000
2023-05-26 07:20:02,33,W+R,0,False,False,False,B,-0.85,11.4801,205000
2023-05-26 07:20:13,33,W+R,0,False,False,False,B,-0.85,11.49,205000
2023-05-26 07:20:22,33,W+R,0,False,False,False,B,-0.85,11.4801,205000
2023-05-26 07:20:34,33,W+R,0,False,False,False,B,-0.85,11.4049,205000
2023-05-26 07:20:46,33,W+R,0,False,False,False,B,-0.85,11.4137,205000
2023-05-26 07:20:56,32,B+R,0,False,False,False,W,-0.85,11.4137,205000
2023-05-26 07:21:03,33,W+R,0,False,False,False,B,-0.85,11.3812,205000
2023-05-26 07:21:11,33,W+R,0,False,False,False,B,-0.85,11.3709,205000
2023-05-26 07:21:24,56,B+R,0,False,False,False,W,-0.85,11.4167,205000
2023-05-26 07:21:42,81,B+1.5,6,True,True,False,W,-0.85,11.4224,205000
2023-05-26 07:21:51,33,W+R,0,False,False,False,B,-0.85,11.3958,205000
2023-05-26 07:22:01,33,W+R,3,False,False,False,B,-0.85,11.4033,205000
2023-05-26 07:22:10,33,W+R,0,False,False,False,B,-0.85,11.4295,205000
2023-05-26 07:22:21,32,B+R,0,False,False,False,W,-0.85,11.4735,205000
2023-05-26 07:22:32,33,W+R,0,False,False,False,B,-0.85,11.4771,205000
2023-05-26 07:22:45,45,W+R,0,False,False,False,B,-0.85,11.5144,205000
2023-05-26 07:23:19,162,W+17.5,42,True,True,False,B,-0.85,11.7338,205000
2023-05-26 07:23:31,33,W+R,0,False,False,False,B,-0.85,11.7413,205000
2023-05-26 07:23:40,33,W+R,0,False,False,False,B,-0.85,11.736,205000
2023-05-26 07:23:50,33,W+R,0,False,False,False,B,-0.85,11.743,205000
2023-05-26 07:23:59,33,W+R,0,False,False,False,B,-0.85,11.7293,205000
2023-05-26 07:24:09,33,W+R,0,False,False,False,B,-0.85,11.7355,205000
2023-05-26 07:24:20,37,W+R,0,False,False,False,B,-0.85,11.7471,205000
2023-05-26 07:24:30,33,W+R,0,False,False,False,B,-0.85,11.7783,205000
2023-05-26 07:24:39,33,W+R,0,False,False,False,B,-0.85,11.7784,205000
2023-05-26 07:24:47,33,W+R,0,False,False,False,B,-0.85,11.7853,205000
2023-05-26 07:25:00,52,B+R,0,False,False,False,W,-0.85,11.6352,205000
2023-05-26 07:25:10,33,W+R,0,False,False,False,B,-0.85,11.649,205000
2023-05-26 07:25:19,33,W+R,0,False,False,False,B,-0.85,11.6411,205000
2023-05-26 07:25:32,47,W+R,0,False,False,False,B,-0.85,11.6678,205000
2023-05-26 07:25:42,33,W+R,0,False,False,False,B,-0.85,11.6509,205000
2023-05-26 07:25:49,33,W+R,0,False,False,False,B,-0.85,11.6223,205000
2023-05-26 07:25:56,33,W+R,0,False,False,False,B,-0.85,11.6023,205000
2023-05-26 07:26:06,33,W+R,0,False,False,False,B,-0.85,11.5942,205000
2023-05-26 07:26:16,33,W+R,0,False,False,False,B,-0.85,11.5876,205000
2023-05-26 07:26:33,60,W+2.5,3,True,True,False,B,-0.85,11.6614,205000
2023-05-26 07:27:57,33,W+R,0,False,False,False,B,-0.85,11.6415,206000
2023-05-26 07:28:08,33,W+R,0,False,False,False,B,-0.85,11.6384,206000
2023-05-26 07:28:19,33,W+R,0,False,False,False,B,-0.85,11.6525,206000
2023-05-26 07:28:28,32,B+R,0,False,False,False,W,-0.85,11.5934,206000
2023-05-26 07:28:40,43,W+R,0,False,False,False,B,-0.85,11.6281,206000
2023-05-26 07:28:56,49,W+R,0,False,False,False,B,-0.85,11.7033,206000
2023-05-26 07:29:05,33,W+R,0,False,False,False,B,-0.85,11.6884,206000
2023-05-26 07:29:17,33,W+R,0,False,False,False,B,-0.85,11.6951,206000
2023-05-26 07:29:27,33,W+R,0,False,False,False,B,-0.85,11.6985,206000
2023-05-26 07:29:35,33,W+R,0,False,False,False,B,-0.85,11.3772,206000
2023-05-26 07:29:44,33,W+R,0,False,False,False,B,-0.85,11.3755,206000
2023-05-26 07:29:52,33,W+R,0,False,False,False,B,-0.85,11.2259,206000
2023-05-26 07:30:02,33,W+R,0,False,False,False,B,-0.85,11.2272,206000
2023-05-26 07:30:13,33,W+R,0,False,False,False,B,-0.85,11.2444,206000
2023-05-26 07:30:23,33,W+R,0,False,False,False,B,-0.85,11.2617,206000
2023-05-26 07:30:43,76,W+6.5,4,True,True,False,B,-0.85,11.3476,206000
2023-05-26 07:30:54,33,W+R,0,False,False,False,B,-0.85,11.3769,206000
2023-05-26 07:31:04,33,W+R,0,False,False,False,B,-0.85,11.3657,206000
2023-05-26 07:31:15,33,W+R,0,False,False,False,B,-0.85,11.387,206000
2023-05-26 07:31:38,72,B+R,1,False,False,False,W,-0.85,11.3863,206000
2023-05-26 07:31:49,39,W+R,0,False,False,False,B,-0.85,11.4065,206000
2023-05-26 07:32:01,42,B+R,0,False,False,False,W,-0.85,11.435,206000
2023-05-26 07:32:22,84,W+12.5,4,True,True,False,B,-0.85,11.5548,206000
2023-05-26 07:32:32,33,W+R,0,False,False,False,B,-0.85,11.5796,206000
2023-05-26 07:32:43,33,W+R,0,False,False,False,B,-0.85,11.5639,206000
2023-05-26 07:33:14,162,W+12.5,30,True,True,False,B,-0.85,11.7689,206000
2023-05-26 07:33:48,162,W+6.5,35,True,True,False,B,-0.85,12.0267,206000
2023-05-26 07:33:56,33,W+R,0,False,False,False,B,-0.85,12.0314,206000
2023-05-26 07:34:05,33,W+R,0,False,False,False,B,-0.85,12.0516,206000
2023-05-26 07:34:14,33,W+R,0,False,False,False,B,-0.85,12.0525,206000
2023-05-26 07:34:41,92,W+0.5,6,True,True,False,B,-0.85,12.2239,206000
2023-05-26 07:34:51,33,W+R,0,False,False,False,B,-0.85,12.2064,206000
2023-05-26 07:34:58,33,W+R,0,False,False,False,B,-0.85,12.1789,206000
2023-05-26 07:35:08,33,W+R,0,False,False,False,B,-0.85,12.1714,206000
2023-05-26 07:35:18,33,W+R,0,False,False,False,B,-0.85,12.1733,206000
2023-05-26 07:35:26,33,W+R,0,False,False,False,B,-0.85,12.1523,206000
2023-05-26 07:35:38,33,W+R,0,False,False,False,B,-0.85,12.1703,206000
2023-05-26 07:35:48,33,W+R,0,False,False,False,B,-0.85,12.1606,206000
2023-05-26 07:35:58,32,B+R,0,False,False,False,W,-0.85,11.9968,206000
2023-05-26 07:36:08,33,W+R,0,False,False,False,B,-0.85,11.913,206000
2023-05-26 07:37:49,88,W+2.5,6,True,True,False,B,-0.85,11.9613,207000
2023-05-26 07:37:59,33,W+R,0,False,False,False,B,-0.85,11.9627,207000
2023-05-26 07:38:09,33,W+R,0,False,False,False,B,-0.85,11.883,207000
2023-05-26 07:38:20,33,W+R,0,False,False,False,B,-0.85,11.8779,207000
2023-05-26 07:38:29,33,W+R,0,False,False,False,B,-0.85,11.8744,207000
2023-05-26 07:38:38,33,W+R,0,False,False,False,B,-0.85,11.8657,207000
2023-05-26 07:38:45,33,W+R,0,False,False,False,B,-0.85,11.8401,207000
2023-05-26 07:38:54,33,W+R,0,False,False,False,B,-0.85,11.8372,207000
2023-05-26 07:39:04,33,W+R,0,False,False,False,B,-0.85,11.8144,207000
2023-05-26 07:39:16,33,W+R,0,False,False,False,B,-0.85,11.8256,207000
2023-05-26 07:39:28,33,W+R,0,False,False,False,B,-0.85,11.7813,207000
2023-05-26 07:39:38,33,W+R,0,False,False,False,B,-0.85,11.7843,207000
2023-05-26 07:39:48,33,W+R,0,False,False,False,B,-0.85,11.7756,207000
2023-05-26 07:39:58,32,B+R,0,False,False,False,W,-0.85,11.7791,207000
2023-05-26 07:40:08,33,W+R,0,False,False,False,B,-0.85,11.8134,207000
2023-05-26 07:40:18,33,W+R,0,False,False,False,B,-0.85,11.8144,207000
2023-05-26 07:40:27,33,W+R,0,False,False,False,B,-0.85,11.537,207000
2023-05-26 07:40:38,33,W+R,0,False,False,False,B,-0.85,11.4711,207000
2023-05-26 07:40:52,52,B+R,0,False,False,False,W,-0.85,11.5174,207000
2023-05-26 07:41:02,33,W+R,0,False,False,False,B,-0.85,11.4956,207000
2023-05-26 07:41:12,33,W+R,0,False,False,False,B,-0.85,11.5085,207000
2023-05-26 07:41:22,33,W+R,0,False,False,False,B,-0.85,11.5262,207000
2023-05-26 07:41:32,33,W+R,0,False,False,False,B,-0.85,11.5333,207000
2023-05-26 07:41:41,33,W+R,0,False,False,False,B,-0.85,11.5217,207000
2023-05-26 07:42:12,162,W+10.5,33,True,True,False,B,-0.85,11.7308,207000
2023-05-26 07:42:18,33,W+R,0,False,False,False,B,-0.85,11.6794,207000
2023-05-26 07:42:27,33,W+R,0,False,False,False,B,-0.85,11.653,207000
2023-05-26 07:42:41,60,B+R,0,False,False,False,W,-0.85,11.6897,207000
2023-05-26 07:42:50,33,W+R,0,False,False,False,B,-0.85,11.7141,207000
2023-05-26 07:43:00,33,W+R,0,False,False,False,B,-0.85,11.7316,207000
2023-05-26 07:43:10,33,W+R,0,False,False,False,B,-0.85,11.6957,207000
2023-05-26 07:43:20,33,W+R,0,False,False,False,B,-0.85,11.6181,207000
2023-05-26 07:43:41,94,B+6.5,13,True,True,False,W,-0.85,11.7388,207000
2023-05-26 07:43:51,33,W+R,0,False,False,False,B,-0.85,11.7456,207000
2023-05-26 07:44:02,33,W+R,0,False,False,False,B,-0.85,11.7484,207000
2023-05-26 07:44:17,70,W+4.5,6,True,True,False,B,-0.85,11.7985,207000
2023-05-26 07:44:27,33,W+R,0,False,False,False,B,-0.85,11.7918,207000
2023-05-26 07:44:36,33,W+R,0,False,False,False,B,-0.85,11.7495,207000
2023-05-26 07:44:47,33,W+R,0,False,False,False,B,-0.85,11.5101,207000
2023-05-26 07:44:56,33,W+R,0,False,False,False,B,-0.85,11.493,207000
2023-05-26 07:45:06,33,W+R,0,False,False,False,B,-0.85,11.4931,207000
2023-05-26 07:45:16,33,W+R,0,False,False,False,B,-0.85,11.5013,207000
2023-05-26 07:45:28,38,B+R,0,False,False,False,W,-0.85,11.5232,207000
2023-05-26 07:47:12,33,W+R,0,False,False,False,B,-0.85,11.6198,208000
2023-05-26 07:47:21,33,W+R,0,False,False,False,B,-0.85,11.611,208000
2023-05-26 07:47:37,69,B+1.5,3,True,True,False,W,-0.85,11.6771,208000
2023-05-26 07:47:44,33,W+R,0,False,False,False,B,-0.85,11.6671,208000
2023-05-26 07:47:50,33,W+R,0,False,False,False,B,-0.85,11.6048,208000
2023-05-26 07:48:01,33,W+R,0,False,False,False,B,-0.85,11.6077,208000
2023-05-26 07:48:10,33,W+R,0,False,False,False,B,-0.85,11.6089,208000
2023-05-26 07:48:21,33,W+R,0,False,False,False,B,-0.85,11.5874,208000
2023-05-26 07:48:33,33,W+R,0,False,False,False,B,-0.85,11.6155,208000
2023-05-26 07:48:44,33,W+R,0,False,False,False,B,-0.85,11.6515,208000
2023-05-26 07:48:56,42,B+R,0,False,False,False,W,-0.85,11.6972,208000
2023-05-26 07:49:25,162,W+11.5,30,True,True,False,B,-0.85,11.8878,208000
2023-05-26 07:49:41,54,B+R,0,False,False,False,W,-0.85,11.9511,208000
2023-05-26 07:49:52,33,W+R,0,False,False,False,B,-0.85,11.8912,208000
2023-05-26 07:50:01,33,W+R,0,False,False,False,B,-0.85,11.8996,208000
2023-05-26 07:50:11,32,B+R,0,False,False,False,W,-0.85,11.9001,208000
2023-05-26 07:50:34,80,W+5.5,5,True,True,False,B,-0.85,12.0253,208000
2023-05-26 07:50:44,33,W+R,0,False,False,False,B,-0.85,12.018,208000
2023-05-26 07:50:53,33,W+R,0,False,False,False,B,-0.85,12.0142,208000
2023-05-26 07:51:05,39,W+R,0,False,False,False,B,-0.85,12.0169,208000
2023-05-26 07:51:15,33,W+R,0,False,False,False,B,-0.85,11.9459,208000
2023-05-26 07:51:24,33,W+R,0,False,False,False,B,-0.85,11.9537,208000
2023-05-26 07:51:34,33,W+R,0,False,False,False,B,-0.85,11.9404,208000
2023-05-26 07:51:44,33,W+R,0,False,False,False,B,-0.85,11.9384,208000
2023-05-26 07:51:54,33,W+R,0,False,False,False,B,-0.85,11.9529,208000
2023-05-26 07:52:03,33,W+R,0,False,False,False,B,-0.85,11.9519,208000
2023-05-26 07:52:13,33,W+R,0,False,False,False,B,-0.85,11.9717,208000
2023-05-26 07:52:24,33,W+R,0,False,False,False,B,-0.85,11.9861,208000
2023-05-26 07:52:35,33,W+R,0,False,False,False,B,-0.85,11.9788,208000
2023-05-26 07:52:45,33,W+R,0,False,False,False,B,-0.85,11.977,208000
2023-05-26 07:52:56,33,W+R,2,False,False,False,B,-0.85,11.8912,208000
2023-05-26 07:53:06,33,W+R,0,False,False,False,B,-0.85,11.8807,208000
2023-05-26 07:53:26,76,W+7.5,8,True,True,False,B,-0.85,11.9857,208000
2023-05-26 07:53:33,32,B+R,0,False,False,False,W,-0.85,11.9399,208000
2023-05-26 07:53:42,37,W+R,0,False,False,False,B,-0.85,11.8084,208000
2023-05-26 07:53:55,48,B+R,0,False,False,False,W,-0.85,11.8197,208000
2023-05-26 07:54:03,33,W+R,0,False,False,False,B,-0.85,11.7869,208000
2023-05-26 07:54:36,135,W+5.5,21,True,True,False,B,-0.85,11.9036,208000
2023-05-26 07:54:46,33,W+R,0,False,False,False,B,-0.85,11.9008,208000
2023-05-26 07:54:56,33,W+R,0,False,False,False,B,-0.85,11.8972,208000
2023-05-26 07:55:04,33,W+R,0,False,False,False,B,-0.85,11.6628,208000
2023-05-26 07:55:11,33,W+R,0,False,False,False,B,-0.85,11.4023,208000
2023-05-26 07:56:45,33,W+R,0,False,False,False,B,-0.85,11.4883,209000
2023-05-26 07:56:55,32,B+R,0,False,False,False,W,-0.85,11.4928,209000
2023-05-26 07:57:05,33,W+R,0,False,False,False,B,-0.85,11.321,209000
2023-05-26 07:57:15,33,W+R,0,False,False,False,B,-0.85,11.3264,209000
2023-05-26 07:57:25,33,W+R,0,False,False,False,B,-0.85,11.3463,209000
2023-05-26 07:57:37,35,W+R,0,False,False,False,B,-0.85,11.369,209000
2023-05-26 07:57:47,33,W+R,0,False,False,False,B,-0.85,11.3722,209000
2023-05-26 07:57:57,33,W+R,0,False,False,False,B,-0.85,11.3947,209000
2023-05-26 07:58:08,33,W+R,0,False,False,False,B,-0.85,11.3879,209000
2023-05-26 07:58:19,33,W+R,0,False,False,False,B,-0.85,11.3947,209000
2023-05-26 07:58:32,39,W+R,0,False,False,False,B,-0.85,11.4243,209000
2023-05-26 07:58:43,32,B+R,0,False,False,False,W,-0.85,11.4243,209000
2023-05-26 07:59:04,84,W+1.5,11,True,True,False,B,-0.85,11.5597,209000
2023-05-26 07:59:39,162,B+5.5,39,True,True,False,W,-0.85,11.6849,209000
2023-05-26 07:59:46,33,W+R,0,False,False,False,B,-0.85,11.6537,209000
2023-05-26 07:59:54,33,W+R,0,False,False,False,B,-0.85,11.6319,209000
2023-05-26 08:00:05,37,W+R,0,False,False,False,B,-0.85,11.634,209000
2023-05-26 08:00:15,33,W+R,0,False,False,False,B,-0.85,11.6424,209000
2023-05-26 08:00:36,93,W+10.5,9,True,True,False,B,-0.85,11.7563,209000
2023-05-26 08:00:47,33,W+R,0,False,False,False,B,-0.85,11.8003,209000
2023-05-26 08:00:57,33,W+R,0,False,False,False,B,-0.85,11.8072,209000
2023-05-26 08:01:07,33,W+R,0,False,False,False,B,-0.85,11.8068,209000
2023-05-26 08:01:16,33,W+R,0,False,False,False,B,-0.85,11.7846,209000
2023-05-26 08:01:27,33,W+R,0,False,False,False,B,-0.85,11.7703,209000
2023-05-26 08:01:38,33,W+R,0,False,False,False,B,-0.85,11.7779,209000
2023-05-26 08:01:47,33,W+R,0,False,False,False,B,-0.85,11.7737,209000
2023-05-26 08:01:57,33,W+R,0,False,False,False,B,-0.85,11.7719,209000
2023-05-26 08:02:07,33,W+R,0,False,False,False,B,-0.85,11.7746,209000
2023-05-26 08:02:17,35,W+R,0,False,False,False,B,-0.85,11.7706,209000
2023-05-26 08:02:27,33,W+R,0,False,False,False,B,-0.85,11.7745,209000
2023-05-26 08:02:35,33,W+R,0,False,False,False,B,-0.85,11.7586,209000
2023-05-26 08:02:45,33,W+R,0,False,False,False,B,-0.85,11.7083,209000
2023-05-26 08:02:54,33,W+R,0,False,False,False,B,-0.85,11.6998,209000
2023-05-26 08:03:04,33,W+R,1,False,False,False,B,-0.85,11.6936,209000
2023-05-26 08:03:15,42,B+R,0,False,False,False,W,-0.85,11.7089,209000
2023-05-26 08:03:25,33,W+R,0,False,False,False,B,-0.85,11.7146,209000
2023-05-26 08:03:35,33,W+R,0,False,False,False,B,-0.85,11.7198,209000
2023-05-26 08:03:43,33,W+R,0,False,False,False,B,-0.85,11.4987,209000
2023-05-26 08:03:53,33,W+R,0,False,False,False,B,-0.85,11.5232,209000
2023-05-26 08:04:07,46,B+R,0,False,False,False,W,-0.85,11.5748,209000
2023-05-26 08:04:17,33,W+R,0,False,False,False,B,-0.85,11.5367,209000
2023-05-26 08:04:27,33,W+R,0,False,False,False,B,-0.85,11.546,209000
2023-05-26 08:04:35,33,W+R,0,False,False,False,B,-0.85,11.5311,209000
2023-05-26 08:04:44,33,W+R,0,False,False,False,B,-0.85,11.5283,209000
2023-05-26 08:04:54,33,W+R,0,False,False,False,B,-0.85,11.5257,209000
2023-05-26 08:06:21,33,W+R,0,False,False,False,B,-0.85,11.3955,210000
2023-05-26 08:06:31,33,W+R,0,False,False,False,B,-0.85,11.394,210000
2023-05-26 08:06:42,33,W+R,0,False,False,False,B,-0.85,11.3432,210000
2023-05-26 08:06:48,33,W+R,0,False,False,False,B,-0.85,11.3112,210000
2023-05-26 08:06:55,33,W+R,0,False,False,False,B,-0.85,11.2868,210000
2023-05-26 08:07:01,33,W+R,0,False,False,False,B,-0.85,11.248,210000
2023-05-26 08:07:09,33,W+R,0,False,False,False,B,-0.85,11.2266,210000
2023-05-26 08:07:19,33,W+R,0,False,False,False,B,-0.85,11.2325,210000
2023-05-26 08:07:29,32,B+R,0,False,False,False,W,-0.85,11.2296,210000
2023-05-26 08:07:39,33,W+R,0,False,False,False,B,-0.85,11.2156,210000
2023-05-26 08:07:47,33,W+R,0,False,False,False,B,-0.85,11.1064,210000
2023-05-26 08:08:22,162,W+4.5,39,True,True,False,B,-0.85,11.3438,210000
2023-05-26 08:08:32,33,W+R,0,False,False,False,B,-0.85,11.3467,210000
2023-05-26 08:08:51,69,W+R,0,False,False,False,B,-0.85,11.3814,210000
2023-05-26 08:09:00,32,B+R,0,False,False,False,W,-0.85,11.4028,210000
2023-05-26 08:09:10,33,W+R,0,False,False,False,B,-0.85,11.4367,210000
2023-05-26 08:09:20,33,W+R,0,False,False,False,B,-0.85,11.4273,210000
2023-05-26 08:09:31,39,W+R,0,False,False,False,B,-0.85,11.451,210000
2023-05-26 08:09:41,33,W+R,0,False,False,False,B,-0.85,11.4353,210000
2023-05-26 08:09:53,33,W+R,0,False,False,False,B,-0.85,11.4334,210000
2023-05-26 08:10:02,32,B+R,0,False,False,False,W,-0.85,11.4232,210000
2023-05-26 08:10:12,33,W+R,0,False,False,False,B,-0.85,11.3987,210000
2023-05-26 08:10:21,33,W+R,0,False,False,False,B,-0.85,11.2052,210000
2023-05-26 08:10:27,33,W+R,0,False,False,False,B,-0.85,11.1045,210000
2023-05-26 08:10:50,100,W+6.5,16,True,True,False,B,-0.85,11.2172,210000
2023-05-26 08:11:07,63,W+R,1,False,False,False,B,-0.85,11.2959,210000
2023-05-26 08:11:17,33,W+R,0,False,False,False,B,-0.85,11.2994,210000
2023-05-26 08:11:27,33,W+R,0,False,False,False,B,-0.85,11.1733,210000
2023-05-26 08:11:37,33,W+R,0,False,False,False,B,-0.85,11.1724,210000
2023-05-26 08:11:48,33,W+R,0,False,False,False,B,-0.85,11.1918,210000
2023-05-26 08:11:58,33,W+R,0,False,False,False,B,-0.85,11.1614,210000
2023-05-26 08:12:08,33,W+R,0,False,False,False,B,-0.85,11.1674,210000
2023-05-26 08:12:17,33,W+R,0,False,False,False,B,-0.85,11.1632,210000
2023-05-26 08:12:26,33,W+R,0,False,False,False,B,-0.85,11.1571,210000
2023-05-26 08:12:51,103,W+10.5,16,True,True,False,B,-0.85,11.3115,210000
2023-05-26 08:13:01,33,W+R,0,False,False,False,B,-0.85,11.3049,210000
2023-05-26 08:13:09,33,W+R,0,False,False,False,B,-0.85,11.3056,210000
2023-05-26 08:13:18,33,W+R,0,False,False,False,B,-0.85,11.291,210000
2023-05-26 08:13:41,95,W+8.5,8,True,True,False,B,-0.85,11.4086,210000
2023-05-26 08:13:55,46,B+R,0,False,False,False,W,-0.85,11.445,210000
2023-05-26 08:14:05,32,B+R,0,False,False,False,W,-0.85,11.4382,210000
2023-05-26 08:14:14,32,B+R,0,False,False,False,W,-0.85,11.4198,210000
2023-05-26 08:14:23,33,W+R,0,False,False,False,B,-0.85,11.4094,210000
2023-05-26 08:15:50,33,W+R,0,False,False,False,B,-0.85,11.3511,211000
2023-05-26 08:15:58,33,W+R,0,False,False,False,B,-0.85,11.3393,211000
2023-05-26 08:16:12,44,W+2.5,4,True,True,False,B,-0.85,11.3438,211000
2023-05-26 08:16:22,33,W+R,0,False,False,False,B,-0.85,11.359,211000
2023-05-26 08:16:42,74,W+9.5,3,True,True,False,B,-0.85,11.2292,211000
2023-05-26 08:16:52,33,W+R,0,False,False,False,B,-0.85,11.2398,211000
2023-05-26 08:17:03,33,W+R,0,False,False,False,B,-0.85,11.2468,211000
2023-05-26 08:17:14,33,W+R,0,False,False,False,B,-0.85,11.2756,211000
2023-05-26 08:17:24,33,W+R,0,False,False,False,B,-0.85,11.2955,211000
2023-05-26 08:17:33,33,W+R,0,False,False,False,B,-0.85,11.2223,211000
2023-05-26 08:17:43,33,W+R,0,False,False,False,B,-0.85,11.2327,211000
2023-05-26 08:18:03,70,B+R,0,False,False,False,W,-0.85,11.3306,211000
2023-05-26 08:18:27,75,W+R,0,False,False,False,B,-0.85,11.4723,211000
2023-05-26 08:18:49,98,W+3.5,9,True,True,False,B,-0.85,11.5879,211000
2023-05-26 08:18:58,33,W+R,0,False,False,False,B,-0.85,11.5866,211000
2023-05-26 08:19:06,33,W+R,0,False,False,False,B,-0.85,11.5486,211000
2023-05-26 08:19:17,32,B+R,0,False,False,False,W,-0.85,11.5539,211000
2023-05-26 08:19:25,33,W+R,0,False,False,False,B,-0.85,11.5377,211000
2023-05-26 08:19:32,33,W+R,0,False,False,False,B,-0.85,11.4937,211000
2023-05-26 08:19:47,73,B+3.5,5,True,True,False,W,-0.85,11.5326,211000
2023-05-26 08:19:54,33,W+R,0,False,False,False,B,-0.85,11.4717,211000
2023-05-26 08:20:00,32,B+R,0,False,False,False,W,-0.85,11.4286,211000
2023-05-26 08:20:07,33,W+R,0,False,False,False,B,-0.85,11.2795,211000
2023-05-26 08:20:16,32,B+R,0,False,False,False,W,-0.85,11.0267,211000
2023-05-26 08:20:27,33,W+R,0,False,False,False,B,-0.85,11.0573,211000
2023-05-26 08:20:35,33,W+R,0,False,False,False,B,-0.85,11.0587,211000
2023-05-26 08:20:44,33,W+R,0,False,False,False,B,-0.85,11.0444,211000
2023-05-26 08:20:55,39,W+R,0,False,False,False,B,-0.85,11.0535,211000
2023-05-26 08:21:05,33,W+R,0,False,False,False,B,-0.85,10.9485,211000
2023-05-26 08:21:13,33,W+R,0,False,False,False,B,-0.85,10.9161,211000
2023-05-26 08:21:23,33,W+R,0,False,False,False,B,-0.85,10.9167,211000
2023-05-26 08:21:33,33,W+R,0,False,False,False,B,-0.85,10.9193,211000
2023-05-26 08:21:43,33,W+R,0,False,False,False,B,-0.85,10.9235,211000
2023-05-26 08:21:53,33,W+R,0,False,False,False,B,-0.85,10.9128,211000
2023-05-26 08:22:08,59,W+14.5,3,True,True,False,B,-0.85,10.9561,211000
2023-05-26 08:22:18,33,W+R,0,False,False,False,B,-0.85,10.9633,211000
2023-05-26 08:22:27,33,W+R,0,False,False,False,B,-0.85,10.9552,211000
2023-05-26 08:22:37,33,W+R,0,False,False,False,B,-0.85,10.9495,211000
2023-05-26 08:22:46,33,W+R,0,False,False,False,B,-0.85,10.9482,211000
2023-05-26 08:22:56,33,W+R,0,False,False,False,B,-0.85,10.9534,211000
2023-05-26 08:23:06,33,W+R,0,False,False,False,B,-0.85,10.9559,211000
2023-05-26 08:23:28,95,W+5.5,10,True,True,False,B,-0.85,11.0929,211000
2023-05-26 08:23:38,33,W+R,0,False,False,False,B,-0.85,11.0967,211000
2023-05-26 08:23:56,75,W+1.5,8,True,True,False,B,-0.85,11.1806,211000
2023-05-26 08:25:23,37,W+R,0,False,False,False,B,-0.85,11.1545,212000
2023-05-26 08:25:34,33,W+R,0,False,False,False,B,-0.85,11.161,212000
2023-05-26 08:25:44,33,W+R,0,False,False,False,B,-0.85,11.1747,212000
2023-05-26 08:25:54,33,W+R,0,False,False,False,B,-0.85,11.1807,212000
2023-05-26 08:26:04,33,W+R,0,False,False,False,B,-0.85,11.1445,212000
2023-05-26 08:26:15,33,W+R,0,False,False,False,B,-0.85,11.1528,212000
2023-05-26 08:26:23,33,W+R,0,False,False,False,B,-0.85,11.1366,212000
2023-05-26 08:26:34,33,W+R,0,False,False,False,B,-0.85,11.1557,212000
2023-05-26 08:26:46,43,W+R,0,False,False,False,B,-0.85,11.1874,212000
2023-05-26 08:26:57,33,W+R,0,False,False,False,B,-0.85,11.195,212000
2023-05-26 08:27:06,33,W+R,0,False,False,False,B,-0.85,11.2128,212000
2023-05-26 08:27:16,33,W+R,0,False,False,False,B,-0.85,11.1999,212000
2023-05-26 08:27:28,33,W+R,0,False,False,False,B,-0.85,11.2174,212000
2023-05-26 08:27:38,33,W+R,0,False,False,False,B,-0.85,11.2089,212000
2023-05-26 08:27:47,33,W+R,0,False,False,False,B,-0.85,11.2435,212000
2023-05-26 08:27:58,33,W+R,0,False,False,False,B,-0.85,11.2833,212000
2023-05-26 08:28:08,33,W+R,0,False,False,False,B,-0.85,11.3178,212000
2023-05-26 08:28:18,33,W+R,0,False,False,False,B,-0.85,11.3408,212000
2023-05-26 08:28:28,33,W+R,0,False,False,False,B,-0.85,11.3402,212000
2023-05-26 08:28:38,33,W+R,0,False,False,False,B,-0.85,11.3417,212000
2023-05-26 08:28:46,33,W+R,0,False,False,False,B,-0.85,11.312,212000
2023-05-26 08:28:55,32,B+R,0,False,False,False,W,-0.85,11.3274,212000
2023-05-26 08:29:05,33,W+R,0,False,False,False,B,-0.85,11.074,212000
2023-05-26 08:29:15,33,W+R,0,False,False,False,B,-0.85,11.0785,212000
2023-05-26 08:29:24,33,W+R,0,False,False,False,B,-0.85,10.9816,212000
2023-05-26 08:29:34,33,W+R,0,False,False,False,B,-0.85,10.9891,212000
2023-05-26 08:29:43,33,W+R,0,False,False,False,B,-0.85,10.9798,212000
2023-05-26 08:29:51,33,W+R,0,False,False,False,B,-0.85,10.9602,212000
2023-05-26 08:30:00,33,W+R,0,False,False,False,B,-0.85,10.9356,212000
2023-05-26 08:30:15,64,W+13.5,4,True,True,False,B,-0.85,10.9927,212000
2023-05-26 08:30:26,33,W+R,0,False,False,False,B,-0.85,10.9798,212000
2023-05-26 08:30:36,33,W+R,0,False,False,False,B,-0.85,10.9851,212000
2023-05-26 08:30:45,33,W+R,0,False,False,False,B,-0.85,10.9851,212000
2023-05-26 08:30:56,33,W+R,0,False,False,False,B,-0.85,10.9974,212000
2023-05-26 08:31:07,33,W+R,0,False,False,False,B,-0.85,11.0457,212000
2023-05-26 08:31:15,33,W+R,0,False,False,False,B,-0.85,10.9028,212000
2023-05-26 08:31:24,33,W+R,0,False,False,False,B,-0.85,10.8155,212000
2023-05-26 08:31:34,33,W+R,0,False,False,False,B,-0.85,10.8175,212000
2023-05-26 08:31:43,33,W+R,0,False,False,False,B,-0.85,10.8031,212000
2023-05-26 08:31:52,33,W+R,0,False,False,False,B,-0.85,10.7949,212000
2023-05-26 08:32:02,33,W+R,0,False,False,False,B,-0.85,10.7913,212000
2023-05-26 08:32:13,33,W+R,0,False,False,False,B,-0.85,10.8016,212000
2023-05-26 08:32:23,33,W+R,0,False,False,False,B,-0.85,10.8055,212000
2023-05-26 08:32:33,32,B+R,0,False,False,False,W,-0.85,10.8079,212000
2023-05-26 08:32:43,35,W+R,0,False,False,False,B,-0.85,10.8167,212000
2023-05-26 08:32:53,33,W+R,0,False,False,False,B,-0.85,10.6651,212000
2023-05-26 08:33:02,33,W+R,0,False,False,False,B,-0.85,10.6587,212000
2023-05-26 08:33:12,33,W+R,0,False,False,False,B,-0.85,10.6765,212000
2023-05-26 08:33:22,33,W+R,0,False,False,False,B,-0.85,10.682,212000
2023-05-26 08:33:31,33,W+R,0,False,False,False,B,-0.85,10.5508,212000
2023-05-26 08:34:57,33,W+R,0,False,False,False,B,-0.85,10.4935,213000
2023-05-26 08:35:07,33,W+R,0,False,False,False,B,-0.85,10.5057,213000
2023-05-26 08:35:39,162,W+2.5,42,True,True,False,B,-0.85,10.7331,213000
2023-05-26 08:35:48,33,W+R,0,False,False,False,B,-0.85,10.7222,213000
2023-05-26 08:35:58,33,W+R,0,False,False,False,B,-0.85,10.7194,213000
2023-05-26 08:36:08,33,W+R,0,False,False,False,B,-0.85,10.7327,213000
2023-05-26 08:36:15,33,W+R,0,False,False,False,B,-0.85,10.6739,213000
2023-05-26 08:36:26,33,W+R,0,False,False,False,B,-0.85,10.6818,213000
2023-05-26 08:36:36,33,W+R,0,False,False,False,B,-0.85,10.576,213000
2023-05-26 08:36:47,33,W+R,0,False,False,False,B,-0.85,10.5868,213000
2023-05-26 08:36:58,33,W+R,0,False,False,False,B,-0.85,10.5866,213000
2023-05-26 08:37:08,33,W+R,0,False,False,False,B,-0.85,10.5823,213000
2023-05-26 08:37:18,33,W+R,0,False,False,False,B,-0.85,10.5866,213000
2023-05-26 08:37:32,47,W+R,2,False,False,False,B,-0.85,10.634,213000
2023-05-26 08:37:43,33,W+R,0,False,False,False,B,-0.85,10.6391,213000
2023-05-26 08:38:18,152,B+R,22,False,False,False,W,-0.85,10.7889,213000
2023-05-26 08:38:27,33,W+R,0,False,False,False,B,-0.85,10.6474,213000
2023-05-26 08:38:37,33,W+R,0,False,False,False,B,-0.85,10.5213,213000
2023-05-26 08:38:47,33,W+R,0,False,False,False,B,-0.85,10.5265,213000
2023-05-26 08:38:56,33,W+R,0,False,False,False,B,-0.85,10.543,213000
2023-05-26 08:39:05,33,W+R,0,False,False,False,B,-0.85,10.5272,213000
2023-05-26 08:39:11,33,W+R,0,False,False,False,B,-0.85,10.4988,213000
2023-05-26 08:39:17,33,W+R,0,False,False,False,B,-0.85,10.4908,213000
2023-05-26 08:39:26,33,W+R,0,False,False,False,B,-0.85,10.433,213000
2023-05-26 08:39:36,33,W+R,0,False,False,False,B,-0.85,10.4612,213000
2023-05-26 08:39:45,33,W+R,0,False,False,False,B,-0.85,10.4905,213000
2023-05-26 08:39:55,33,W+R,0,False,False,False,B,-0.85,10.5206,213000
2023-05-26 08:40:06,33,W+R,0,False,False,False,B,-0.85,10.534,213000
2023-05-26 08:40:16,33,W+R,0,False,False,False,B,-0.85,10.5323,213000
2023-05-26 08:40:26,33,W+R,0,False,False,False,B,-0.85,10.5484,213000
2023-05-26 08:40:36,33,W+R,0,False,False,False,B,-0.85,10.5587,213000
2023-05-26 08:40:47,33,W+R,0,False,False,False,B,-0.85,10.5556,213000
2023-05-26 08:41:03,55,W+R,0,False,False,False,B,-0.85,10.6227,213000
2023-05-26 08:41:14,33,W+R,0,False,False,False,B,-0.85,10.6436,213000
2023-05-26 08:41:25,33,W+R,0,False,False,False,B,-0.85,10.66,213000
2023-05-26 08:41:37,43,W+R,1,False,False,False,B,-0.85,10.6763,213000
2023-05-26 08:41:47,33,W+R,0,False,False,False,B,-0.85,10.6741,213000
2023-05-26 08:41:59,41,W+R,1,False,False,False,B,-0.85,10.7073,213000
2023-05-26 08:42:12,45,W+R,0,False,False,False,B,-0.85,10.6851,213000
2023-05-26 08:42:22,33,W+R,0,False,False,False,B,-0.85,10.6839,213000
2023-05-26 08:42:57,162,W+5.5,40,True,True,False,B,-0.85,10.9391,213000
2023-05-26 08:43:06,33,W+R,0,False,False,False,B,-0.85,10.9287,213000
2023-05-26 08:44:31,33,W+R,0,False,False,False,B,-0.85,10.9087,214000
2023-05-26 08:44:41,33,W+R,0,False,False,False,B,-0.85,10.9124,214000
2023-05-26 08:44:50,33,W+R,0,False,False,False,B,-0.85,10.7759,214000
2023-05-26 08:44:59,33,W+R,0,False,False,False,B,-0.85,10.7658,214000
2023-05-26 08:45:10,33,W+R,0,False,False,False,B,-0.85,10.7001,214000
2023-05-26 08:45:19,36,B+R,0,False,False,False,W,-0.85,10.7176,214000
2023-05-26 08:45:30,33,W+R,0,False,False,False,B,-0.85,10.7054,214000
2023-05-26 08:45:38,33,W+R,0,False,False,False,B,-0.85,10.6894,214000
2023-05-26 08:45:48,33,W+R,0,False,False,False,B,-0.85,10.6814,214000
2023-05-26 08:45:58,33,W+R,0,False,False,False,B,-0.85,10.6844,214000
2023-05-26 08:46:10,49,W+R,0,False,False,False,B,-0.85,10.7097,214000
2023-05-26 08:46:20,33,W+R,0,False,False,False,B,-0.85,10.7,214000
2023-05-26 08:46:52,162,W+1.5,35,True,True,False,B,-0.85,10.9331,214000
2023-05-26 08:47:01,33,W+R,0,False,False,False,B,-0.85,10.9226,214000
2023-05-26 08:47:11,33,W+R,0,False,False,False,B,-0.85,10.8972,214000
2023-05-26 08:47:33,84,W+3.5,7,True,True,False,B,-0.85,11.0089,214000
2023-05-26 08:47:41,33,W+R,0,False,False,False,B,-0.85,11.0032,214000
2023-05-26 08:47:53,33,W+R,0,False,False,False,B,-0.85,11.016,214000
2023-05-26 08:48:03,32,B+R,0,False,False,False,W,-0.85,10.9972,214000
2023-05-26 08:48:13,32,B+R,0,False,False,False,W,-0.85,10.9954,214000
2023-05-26 08:48:27,58,W+2.5,4,True,True,False,B,-0.85,11.046,214000
2023-05-26 08:48:37,40,W+12.5,2,True,True,False,B,-0.85,11.0278,214000
2023-05-26 08:48:49,45,W+R,0,False,False,False,B,-0.85,11.06,214000
2023-05-26 08:49:00,33,W+R,0,False,False,False,B,-0.85,11.0663,214000
2023-05-26 08:49:10,33,W+R,0,False,False,False,B,-0.85,11.0622,214000
2023-05-26 08:49:20,33,W+R,0,False,False,False,B,-0.85,11.0616,214000
2023-05-26 08:49:29,33,W+R,0,False,False,False,B,-0.85,11.082,214000
2023-05-26 08:49:39,33,W+R,0,False,False,False,B,-0.85,11.0899,214000
2023-05-26 08:50:04,82,W+0.5,8,True,True,False,B,-0.85,11.2389,214000
2023-05-26 08:50:31,105,W+8.5,12,True,True,False,B,-0.85,11.4059,214000
2023-05-26 08:50:42,33,W+R,0,False,False,False,B,-0.85,11.4215,214000
2023-05-26 08:50:58,52,B+R,0,False,False,False,W,-0.85,11.4828,214000
2023-05-26 08:51:06,33,W+R,0,False,False,False,B,-0.85,11.4796,214000
2023-05-26 08:51:16,33,W+R,0,False,False,False,B,-0.85,11.5015,214000
2023-05-26 08:51:25,33,W+R,0,False,False,False,B,-0.85,11.5,214000
2023-05-26 08:51:35,32,B+R,0,False,False,False,W,-0.85,11.441,214000
2023-05-26 08:51:43,33,W+R,0,False,False,False,B,-0.85,11.4221,214000
2023-05-26 08:51:54,33,W+R,0,False,False,False,B,-0.85,11.4246,214000
2023-05-26 08:52:08,46,B+R,0,False,False,False,W,-0.85,11.4699,214000
2023-05-26 08:52:15,33,W+R,0,False,False,False,B,-0.85,11.4351,214000
2023-05-26 08:52:34,96,W+0.5,21,True,True,False,B,-0.85,11.5127,214000
2023-05-26 08:54:16,105,W+2.5,19,True,True,False,B,-0.85,11.626,215000
2023-05-26 08:54:26,33,W+R,0,False,False,False,B,-0.85,11.6238,215000
2023-05-26 08:54:36,33,W+R,0,False,False,False,B,-0.85,11.6347,215000
2023-05-26 08:54:46,33,W+R,0,False,False,False,B,-0.85,11.6408,215000
2023-05-26 08:54:55,33,W+R,0,False,False,False,B,-0.85,11.6331,215000
2023-05-26 08:55:02,33,W+R,0,False,False,False,B,-0.85,11.5921,215000
2023-05-26 08:55:10,33,W+R,0,False,False,False,B,-0.85,11.5709,215000
2023-05-26 08:55:20,33,W+R,0,False,False,False,B,-0.85,11.5747,215000
2023-05-26 08:55:26,33,W+R,0,False,False,False,B,-0.85,11.5392,215000
2023-05-26 08:55:40,78,W+1.5,3,True,True,False,B,-0.85,11.5715,215000
2023-05-26 08:55:48,33,W+R,0,False,False,False,B,-0.85,11.5655,215000
2023-05-26 08:55:58,33,W+R,0,False,False,False,B,-0.85,11.5684,215000
2023-05-26 08:56:10,33,W+R,0,False,False,False,B,-0.85,11.5859,215000
2023-05-26 08:56:20,33,W+R,0,False,False,False,B,-0.85,11.5947,215000
2023-05-26 08:56:42,86,W+2.5,15,True,True,False,B,-0.85,11.7289,215000
2023-05-26 08:56:52,33,W+R,0,False,False,False,B,-0.85,11.7354,215000
2023-05-26 08:56:59,33,W+R,0,False,False,False,B,-0.85,11.702,215000
2023-05-26 08:57:05,33,W+R,0,False,False,False,B,-0.85,11.4414,215000
2023-05-26 08:57:12,33,W+R,0,False,False,False,B,-0.85,11.4216,215000
2023-05-26 08:57:24,33,W+R,0,False,False,False,B,-0.85,11.4339,215000
2023-05-26 08:57:40,62,W+13.5,4,True,True,False,B,-0.85,11.4993,215000
2023-05-26 08:57:50,33,W+R,0,False,False,False,B,-0.85,11.5296,215000
2023-05-26 08:58:01,33,W+R,0,False,False,False,B,-0.85,11.5282,215000
2023-05-26 08:58:09,33,W+R,0,False,False,False,B,-0.85,11.5101,215000
2023-05-26 08:58:18,33,W+R,0,False,False,False,B,-0.85,11.4929,215000
2023-05-26 08:58:26,33,W+R,0,False,False,False,B,-0.85,11.4559,215000
2023-05-26 08:58:35,33,W+R,0,False,False,False,B,-0.85,11.4478,215000
2023-05-26 08:58:53,57,W+R,0,False,False,False,B,-0.85,11.5218,215000
2023-05-26 08:59:03,33,W+R,0,False,False,False,B,-0.85,11.4853,215000
2023-05-26 08:59:11,33,W+R,0,False,False,False,B,-0.85,11.4632,215000
2023-05-26 08:59:19,33,W+R,0,False,False,False,B,-0.85,11.1875,215000
2023-05-26 08:59:27,33,W+R,0,False,False,False,B,-0.85,11.1774,215000
2023-05-26 08:59:44,73,B+1.5,7,True,True,False,W,-0.85,11.2552,215000
2023-05-26 08:59:51,33,W+R,0,False,False,False,B,-0.85,11.227,215000
2023-05-26 09:00:01,33,W+R,0,False,False,False,B,-0.85,11.2303,215000
2023-05-26 09:00:11,33,W+R,0,False,False,False,B,-0.85,11.235,215000
2023-05-26 09:00:27,57,W+7.5,3,True,True,False,B,-0.85,11.3301,215000
2023-05-26 09:00:37,33,W+R,0,False,False,False,B,-0.85,11.3761,215000
2023-05-26 09:00:48,33,W+R,0,False,False,False,B,-0.85,11.3933,215000
2023-05-26 09:01:01,52,B+0.5,2,True,True,False,W,-0.85,11.4266,215000
2023-05-26 09:01:11,33,W+R,0,False,False,False,B,-0.85,11.4363,215000
2023-05-26 09:01:21,32,B+R,0,False,False,False,W,-0.85,11.4355,215000
2023-05-26 09:01:30,33,W+R,0,False,False,False,B,-0.85,11.4238,215000
2023-05-26 09:01:43,43,W+R,0,False,False,False,B,-0.85,11.4514,215000
2023-05-26 09:01:51,33,W+R,0,False,False,False,B,-0.85,11.4303,215000
2023-05-26 09:01:57,33,W+R,0,False,False,False,B,-0.85,11.3866,215000
2023-05-26 09:02:07,33,W+R,0,False,False,False,B,-0.85,11.3806,215000
2023-05-26 09:03:33,33,W+R,0,False,False,False,B,-0.85,11.2826,216000
2023-05-26 09:03:43,33,W+R,0,False,False,False,B,-0.85,11.2658,216000
2023-05-26 09:03:51,33,W+R,0,False,False,False,B,-0.85,11.2344,216000
2023-05-26 09:04:08,58,B+R,0,False,False,False,W,-0.85,11.304,216000
2023-05-26 09:04:16,33,W+R,0,False,False,False,B,-0.85,11.2544,216000
2023-05-26 09:04:25,33,W+R,0,False,False,False,B,-0.85,11.2114,216000
2023-05-26 09:04:33,32,B+R,0,False,False,False,W,-0.85,11.1917,216000
2023-05-26 09:04:41,33,W+R,0,False,False,False,B,-0.85,10.9317,216000
2023-05-26 09:04:50,33,W+R,0,False,False,False,B,-0.85,10.9294,216000
2023-05-26 09:05:02,34,B+R,0,False,False,False,W,-0.85,10.9665,216000
2023-05-26 09:05:17,44,B+R,0,False,False,False,W,-0.85,11.0209,216000
2023-05-26 09:05:28,33,W+R,0,False,False,False,B,-0.85,11.0406,216000
2023-05-26 09:05:37,33,W+R,0,False,False,False,B,-0.85,11.0409,216000
2023-05-26 09:05:46,33,W+R,0,False,False,False,B,-0.85,11.0442,216000
2023-05-26 09:05:56,33,W+R,0,False,False,False,B,-0.85,11.0242,216000
2023-05-26 09:06:23,104,W+0.5,14,True,True,False,B,-0.85,11.2026,216000
2023-05-26 09:06:33,33,W+R,0,False,False,False,B,-0.85,11.1973,216000
2023-05-26 09:06:42,33,W+R,0,False,False,False,B,-0.85,11.2067,216000
2023-05-26 09:06:53,33,W+R,0,False,False,False,B,-0.85,11.2195,216000
2023-05-26 09:07:02,33,W+R,0,False,False,False,B,-0.85,11.2127,216000
2023-05-26 09:07:17,47,W+R,0,False,False,False,B,-0.85,11.2281,216000
2023-05-26 09:07:26,33,W+R,0,False,False,False,B,-0.85,11.2263,216000
2023-05-26 09:07:37,33,W+R,0,False,False,False,B,-0.85,11.0116,216000
2023-05-26 09:07:46,33,W+R,0,False,False,False,B,-0.85,11.016,216000
2023-05-26 09:07:57,33,W+R,0,False,False,False,B,-0.85,11.0196,216000
2023-05-26 09:08:06,33,W+R,0,False,False,False,B,-0.85,10.9005,216000
2023-05-26 09:08:17,33,W+R,0,False,False,False,B,-0.85,10.9242,216000
2023-05-26 09:08:26,33,W+R,0,False,False,False,B,-0.85,10.8954,216000
2023-05-26 09:08:32,33,W+R,0,False,False,False,B,-0.85,10.8605,216000
2023-05-26 09:08:42,33,W+R,0,False,False,False,B,-0.85,10.8603,216000
2023-05-26 09:08:52,33,W+R,0,False,False,False,B,-0.85,10.8096,216000
2023-05-26 09:09:02,33,W+R,0,False,False,False,B,-0.85,10.8198,216000
2023-05-26 09:09:10,33,W+R,0,False,False,False,B,-0.85,10.7747,216000
2023-05-26 09:09:37,94,W+7.5,3,True,True,False,B,-0.85,10.9343,216000
2023-05-26 09:09:46,33,W+R,0,False,False,False,B,-0.85,10.9245,216000
2023-05-26 09:09:56,33,W+R,0,False,False,False,B,-0.85,10.9217,216000
2023-05-26 09:10:07,33,W+R,0,False,False,False,B,-0.85,10.9415,216000
2023-05-26 09:10:16,33,W+R,0,False,False,False,B,-0.85,10.9396,216000
2023-05-26 09:10:26,33,W+R,0,False,False,False,B,-0.85,10.7902,216000
2023-05-26 09:10:36,33,W+R,0,False,False,False,B,-0.85,10.6193,216000
2023-05-26 09:10:47,35,W+R,0,False,False,False,B,-0.85,10.621,216000
2023-05-26 09:11:13,108,W+6.5,14,True,True,False,B,-0.85,10.7197,216000
2023-05-26 09:11:22,33,W+R,0,False,False,False,B,-0.85,10.7203,216000
2023-05-26 09:11:30,33,W+R,0,False,False,False,B,-0.85,10.7046,216000
2023-05-26 09:11:39,33,W+R,0,False,False,False,B,-0.85,10.7062,216000
2023-05-26 09:13:07,33,W+R,0,False,False,False,B,-0.85,10.7663,217000
2023-05-26 09:13:16,33,W+R,0,False,False,False,B,-0.85,10.7572,217000
2023-05-26 09:13:26,33,W+R,0,False,False,False,B,-0.85,10.7208,217000
2023-05-26 09:13:37,33,W+R,0,False,False,False,B,-0.85,10.7515,217000
2023-05-26 09:13:49,33,W+R,0,False,False,False,B,-0.85,10.6805,217000
2023-05-26 09:14:00,33,W+R,0,False,False,False,B,-0.85,10.7124,217000
2023-05-26 09:14:11,33,W+R,0,False,False,False,B,-0.85,10.6236,217000
2023-05-26 09:14:21,33,W+R,0,False,False,False,B,-0.85,10.6271,217000
2023-05-26 09:14:32,33,W+R,0,False,False,False,B,-0.85,10.6365,217000
2023-05-26 09:14:43,33,W+R,0,False,False,False,B,-0.85,10.652,217000
2023-05-26 09:14:54,33,W+R,0,False,False,False,B,-0.85,10.6619,217000
2023-05-26 09:15:04,32,B+R,0,False,False,False,W,-0.85,10.6968,217000
2023-05-26 09:15:14,33,W+R,0,False,False,False,B,-0.85,10.7111,217000
2023-05-26 09:15:24,33,W+R,0,False,False,False,B,-0.85,10.721,217000
2023-05-26 09:15:35,33,W+R,0,False,False,False,B,-0.85,10.7569,217000
2023-05-26 09:15:45,33,W+R,0,False,False,False,B,-0.85,10.7248,217000
2023-05-26 09:15:55,33,W+R,0,False,False,False,B,-0.85,10.7425,217000
2023-05-26 09:16:05,33,W+R,0,False,False,False,B,-0.85,10.7392,217000
2023-05-26 09:16:12,33,W+R,0,False,False,False,B,-0.85,10.699,217000
2023-05-26 09:16:20,33,W+R,0,False,False,False,B,-0.85,10.6701,217000
2023-05-26 09:16:27,33,W+R,0,False,False,False,B,-0.85,10.5266,217000
2023-05-26 09:16:58,162,W+13.5,42,True,True,False,B,-0.85,10.7331,217000
2023-05-26 09:17:04,33,W+R,0,False,False,False,B,-0.85,10.7279,217000
2023-05-26 09:17:12,35,W+R,0,False,False,False,B,-0.85,10.7376,217000
2023-05-26 09:17:18,33,W+R,0,False,False,False,B,-0.85,10.7291,217000
2023-05-26 09:17:25,32,B+R,0,False,False,False,W,-0.85,10.6856,217000
2023-05-26 09:17:35,33,W+R,0,False,False,False,B,-0.85,10.626,217000
2023-05-26 09:17:45,33,W+R,0,False,False,False,B,-0.85,10.6223,217000
2023-05-26 09:18:11,162,W+25.5,40,True,True,False,B,-0.85,10.7701,217000
2023-05-26 09:18:17,33,W+R,0,False,False,False,B,-0.85,10.761,217000
2023-05-26 09:18:26,33,W+R,0,False,False,False,B,-0.85,10.7508,217000
2023-05-26 09:18:36,33,W+R,0,False,False,False,B,-0.85,10.7776,217000
2023-05-26 09:18:46,33,W+R,0,False,False,False,B,-0.85,10.7883,217000
2023-05-26 09:18:56,33,W+R,0,False,False,False,B,-0.85,10.7081,217000
2023-05-26 09:19:04,37,W+R,0,False,False,False,B,-0.85,10.6793,217000
2023-05-26 09:19:10,33,W+R,0,False,False,False,B,-0.85,10.6611,217000
2023-05-26 09:19:20,33,W+R,0,False,False,False,B,-0.85,10.6853,217000
2023-05-26 09:19:31,33,W+R,0,False,False,False,B,-0.85,10.7078,217000
2023-05-26 09:19:41,32,B+R,0,False,False,False,W,-0.85,10.6417,217000
2023-05-26 09:19:51,33,W+R,0,False,False,False,B,-0.85,10.6695,217000
2023-05-26 09:20:00,32,B+R,0,False,False,False,W,-0.85,10.6623,217000
2023-05-26 09:20:10,33,W+R,0,False,False,False,B,-0.85,10.6684,217000
2023-05-26 09:20:20,33,W+R,0,False,False,False,B,-0.85,10.6032,217000
2023-05-26 09:20:29,33,W+R,0,False,False,False,B,-0.85,10.5913,217000
2023-05-26 09:20:40,33,W+R,0,False,False,False,B,-0.85,10.5957,217000
2023-05-26 09:20:50,33,W+R,0,False,False,False,B,-0.85,10.5647,217000
2023-05-26 09:20:57,33,W+R,0,False,False,False,B,-0.85,10.5379,217000
2023-05-26 09:21:07,33,W+R,0,False,False,False,B,-0.85,10.538,217000
2023-05-26 09:22:39,33,W+R,0,False,False,False,B,-0.85,10.5043,218000
2023-05-26 09:22:50,33,W+R,0,False,False,False,B,-0.85,10.5333,218000
2023-05-26 09:23:00,33,W+R,0,False,False,False,B,-0.85,10.5692,218000
2023-05-26 09:23:10,33,W+R,0,False,False,False,B,-0.85,10.5753,218000
2023-05-26 09:23:19,33,W+R,0,False,False,False,B,-0.85,10.5924,218000
2023-05-26 09:23:30,32,B+R,0,False,False,False,W,-0.85,10.6009,218000
2023-05-26 09:23:40,32,B+R,0,False,False,False,W,-0.85,10.6011,218000
2023-05-26 09:23:51,33,W+R,0,False,False,False,B,-0.85,10.6308,218000
2023-05-26 09:24:02,48,B+R,0,False,False,False,W,-0.85,10.5644,218000
2023-05-26 09:24:09,35,W+R,0,False,False,False,B,-0.85,10.5637,218000
2023-05-26 09:24:19,32,B+R,0,False,False,False,W,-0.85,10.5729,218000
2023-05-26 09:24:35,77,W+6.5,13,True,True,False,B,-0.85,10.6517,218000
2023-05-26 09:24:44,33,W+R,0,False,False,False,B,-0.85,10.6556,218000
2023-05-26 09:25:06,73,W+R,0,False,False,False,B,-0.85,10.7899,218000
2023-05-26 09:25:16,33,W+R,0,False,False,False,B,-0.85,10.7745,218000
2023-05-26 09:25:26,33,W+R,0,False,False,False,B,-0.85,10.7266,218000
2023-05-26 09:25:51,91,W+0.5,9,True,True,False,B,-0.85,10.8588,218000
2023-05-26 09:26:04,42,B+R,0,False,False,False,W,-0.85,10.8995,218000
2023-05-26 09:26:13,33,W+R,0,False,False,False,B,-0.85,10.8963,218000
2023-05-26 09:26:23,33,W+R,0,False,False,False,B,-0.85,10.9077,218000
2023-05-26 09:26:32,33,W+R,0,False,False,False,B,-0.85,10.7252,218000
2023-05-26 09:26:56,86,W+6.5,5,True,True,False,B,-0.85,10.8626,218000
2023-05-26 09:27:06,33,W+R,0,False,False,False,B,-0.85,10.8644,218000
2023-05-26 09:27:16,33,W+R,0,False,False,False,B,-0.85,10.8628,218000
2023-05-26 09:27:26,33,W+R,0,False,False,False,B,-0.85,10.866,218000
2023-05-26 09:27:45,87,W+4.5,16,True,True,False,B,-0.85,10.9151,218000
2023-05-26 09:27:56,33,W+R,0,False,False,False,B,-0.85,10.9256,218000
2023-05-26 09:28:05,33,W+R,0,False,False,False,B,-0.85,10.9124,218000
2023-05-26 09:28:15,33,W+R,0,False,False,False,B,-0.85,10.9147,218000
2023-05-26 09:28:23,33,W+R,0,False,False,False,B,-0.85,10.8952,218000
2023-05-26 09:28:32,32,B+R,0,False,False,False,W,-0.85,10.8872,218000
2023-05-26 09:28:42,33,W+R,0,False,False,False,B,-0.85,10.8835,218000
2023-05-26 09:29:17,162,W+31.5,31,True,True,False,B,-0.85,11.147,218000
2023-05-26 09:29:28,33,W+R,0,False,False,False,B,-0.85,11.1939,218000
2023-05-26 09:29:39,33,W+R,0,False,False,False,B,-0.85,11.2005,218000
2023-05-26 09:30:04,74,B+R,0,False,False,False,W,-0.85,11.3544,218000
2023-05-26 09:30:30,162,W+9.5,27,True,True,False,B,-0.85,11.5092,218000
2023-05-26 09:30:38,33,W+R,0,False,False,False,B,-0.85,11.5065,218000
2023-05-26 09:32:09,33,W+R,0,False,False,False,B,-0.85,11.3296,219000
2023-05-26 09:32:19,33,W+R,0,False,False,False,B,-0.85,11.3332,219000
2023-05-26 09:32:29,33,W+R,0,False,False,False,B,-0.85,11.321,219000
2023-05-26 09:32:39,33,W+R,0,False,False,False,B,-0.85,11.3225,219000
2023-05-26 09:32:48,33,W+R,0,False,False,False,B,-0.85,11.3107,219000
2023-05-26 09:32:55,33,W+R,0,False,False,False,B,-0.85,11.2883,219000
2023-05-26 09:33:03,33,W+R,0,False,False,False,B,-0.85,11.2568,219000
2023-05-26 09:33:13,33,W+R,0,False,False,False,B,-0.85,11.0968,219000
2023-05-26 09:33:23,33,W+R,0,False,False,False,B,-0.85,11.1092,219000
2023-05-26 09:33:32,33,W+R,0,False,False,False,B,-0.85,11.1205,219000
2023-05-26 09:33:42,33,W+R,0,False,False,False,B,-0.85,11.1277,219000
2023-05-26 09:33:52,33,W+R,0,False,False,False,B,-0.85,11.0829,219000
2023-05-26 09:34:01,33,W+R,0,False,False,False,B,-0.85,11.0782,219000
2023-05-26 09:34:11,33,W+R,0,False,False,False,B,-0.85,11.0812,219000
2023-05-26 09:34:21,33,W+R,0,False,False,False,B,-0.85,11.0803,219000
2023-05-26 09:34:31,33,W+R,0,False,False,False,B,-0.85,11.0696,219000
2023-05-26 09:34:40,33,W+R,0,False,False,False,B,-0.85,11.0478,219000
2023-05-26 09:34:48,33,W+R,0,False,False,False,B,-0.85,11.0135,219000
2023-05-26 09:34:59,43,W+R,0,False,False,False,B,-0.85,11.0117,219000
2023-05-26 09:35:08,33,W+R,0,False,False,False,B,-0.85,11.0043,219000
2023-05-26 09:35:17,32,B+R,0,False,False,False,W,-0.85,10.9781,219000
2023-05-26 09:35:25,33,W+R,3,False,False,False,B,-0.85,10.9509,219000
2023-05-26 09:35:34,33,W+R,0,False,False,False,B,-0.85,10.9377,219000
2023-05-26 09:35:45,33,W+R,0,False,False,False,B,-0.85,10.9456,219000
2023-05-26 09:35:55,33,W+R,0,False,False,False,B,-0.85,10.9466,219000
2023-05-26 09:36:14,72,W+11.5,5,True,True,False,B,-0.85,11.0268,219000
2023-05-26 09:36:24,33,W+R,0,False,False,False,B,-0.85,11.0262,219000
2023-05-26 09:36:40,64,W+12.5,3,True,True,False,B,-0.85,11.0872,219000
2023-05-26 09:36:51,33,W+R,0,False,False,False,B,-0.85,11.0939,219000
2023-05-26 09:37:01,33,W+R,0,False,False,False,B,-0.85,11.0935,219000
2023-05-26 09:37:11,33,W+R,0,False,False,False,B,-0.85,11.1187,219000
2023-05-26 09:37:19,33,W+R,0,False,False,False,B,-0.85,11.1221,219000
2023-05-26 09:37:28,33,W+R,0,False,False,False,B,-0.85,11.1348,219000
2023-05-26 09:37:37,33,W+R,0,False,False,False,B,-0.85,10.9227,219000
2023-05-26 09:37:45,33,W+R,0,False,False,False,B,-0.85,10.9351,219000
2023-05-26 09:37:55,33,W+R,0,False,False,False,B,-0.85,10.9662,219000
2023-05-26 09:38:04,33,W+R,0,False,False,False,B,-0.85,10.9966,219000
2023-05-26 09:38:15,33,W+R,0,False,False,False,B,-0.85,11.0279,219000
2023-05-26 09:38:25,33,W+R,0,False,False,False,B,-0.85,11.035,219000
2023-05-26 09:38:51,80,B+R,0,False,False,False,W,-0.85,11.1917,219000
2023-05-26 09:39:00,33,W+R,0,False,False,False,B,-0.85,11.0243,219000
2023-05-26 09:39:06,33,W+R,0,False,False,False,B,-0.85,11.0227,219000
2023-05-26 09:39:15,33,W+R,0,False,False,False,B,-0.85,11.0221,219000
2023-05-26 09:39:24,33,W+R,0,False,False,False,B,-0.85,11.006,219000
2023-05-26 09:39:30,33,W+R,0,False,False,False,B,-0.85,10.9725,219000
2023-05-26 09:39:39,44,B+R,0,False,False,False,W,-0.85,10.9601,219000
2023-05-26 09:39:45,33,W+R,0,False,False,False,B,-0.85,10.9516,219000
2023-05-26 09:39:55,33,W+R,0,False,False,False,B,-0.85,10.9773,219000
2023-05-26 09:40:03,32,B+R,0,False,False,False,W,-0.85,10.9646,219000
2023-05-26 09:40:11,33,W+R,0,False,False,False,B,-0.85,10.9337,219000
2023-05-26 09:40:19,33,W+R,0,False,False,False,B,-0.85,10.9132,219000
2023-05-26 09:41:47,33,W+R,0,False,False,False,B,-0.85,10.8874,220000
2023-05-26 09:41:57,33,W+R,0,False,False,False,B,-0.85,10.8885,220000
2023-05-26 09:42:03,33,W+R,0,False,False,False,B,-0.85,10.8565,220000
2023-05-26 09:42:13,38,B+R,0,False,False,False,W,-0.85,10.8692,220000
2023-05-26 09:42:27,42,B+R,0,False,False,False,W,-0.85,10.899,220000
2023-05-26 09:42:37,33,W+R,0,False,False,False,B,-0.85,10.8988,220000
2023-05-26 09:42:43,33,W+R,0,False,False,False,B,-0.85,10.8854,220000
2023-05-26 09:42:51,33,W+R,0,False,False,False,B,-0.85,10.8664,220000
2023-05-26 09:43:01,33,W+R,0,False,False,False,B,-0.85,10.8779,220000
2023-05-26 09:43:11,33,W+R,0,False,False,False,B,-0.85,10.8724,220000
2023-05-26 09:43:22,33,W+R,0,False,False,False,B,-0.85,10.8729,220000
2023-05-26 09:43:32,33,W+R,0,False,False,False,B,-0.85,10.8811,220000
2023-05-26 09:43:42,33,W+R,0,False,False,False,B,-0.85,10.8776,220000
2023-05-26 09:43:52,33,W+R,0,False,False,False,B,-0.85,10.879,220000
